INFO: Open of `8a-cougarCreek-3polygonIgnit.shp'
      using driver `ESRI Shapefile' successful.

Layer name: 8a-cougarCreek-3polygonIgnit
Geometry: Polygon
Feature Count: 3
Extent: (625752.150838, 5108187.113537) - (628235.949721, 5109453.438428)
Layer SRS WKT:
(unknown)
Fire_Type: String (64.0)
Month: Real (32.0)
Day: Real (32.0)
Hour: Real (32.0)
Elapsed_Mi: Real (32.4)
OGRFeature(8a-cougarCreek-3polygonIgnit):0
  Fire_Type (String) = Expanding Fire
  Month (Real) = 10
  Day (Real) = 2
  Hour (Real) = 0
  Elapsed_Mi (Real) = 0.0000
  POLYGON ((626492.932960894 5108252.61310044,626492.932960894 5108230.77991266,626492.932960894 5108208.94672489,626492.932960894 5108187.11353712,626511.997206704 5108189.84268559,626531.061452514 5108192.57183406,626550.125698324 5108195.30098253,626569.189944134 5108198.030131,626588.254189944 5108200.75927948,626607.318435754 5108203.48842795,626626.382681564 5108206.21757642,626645.446927374 5108208.94672489,626664.511173184 5108211.67587336,626683.575418994 5108214.40502183,626702.639664804 5108217.13417031,626721.703910614 5108219.86331878,626740.768156425 5108222.59246725,626759.832402235 5108225.32161572,626778.896648045 5108228.05076419,626797.960893855 5108230.77991266,626795.237430168 5108255.34224891,626792.513966481 5108279.90458515,626789.790502793 5108304.4669214,626787.067039106 5108329.02925764,626784.343575419 5108353.59159389,626781.620111732 5108378.15393013,626778.896648045 5108402.71626638,626776.173184358 5108427.27860262,626773.44972067 5108451.84093886,626770.726256983 5108476.40327511,626768.002793296 5108500.96561135,626765.279329609 5108525.5279476,626762.555865922 5108550.09028384,626759.832402235 5108574.65262009,626757.108938547 5108599.21495633,626754.38547486 5108623.77729258,626738.044692737 5108601.9441048,626721.703910614 5108580.11091703,626705.363128492 5108558.27772926,626689.022346369 5108536.44454149,626672.681564246 5108514.61135371,626656.340782123 5108492.77816594,626640.0 5108470.94497817,626623.659217877 5108449.11179039,626607.318435754 5108427.27860262,626590.977653631 5108405.44541485,626574.636871508 5108383.61222707,626558.296089386 5108361.7790393,626541.955307263 5108339.94585153,626525.61452514 5108318.11266376,626509.273743017 5108296.27947598,626492.932960894 5108274.44628821,626492.932960894 5108252.61310044))

OGRFeature(8a-cougarCreek-3polygonIgnit):1
  Fire_Type (String) = Expanding Fire
  Month (Real) = 10
  Day (Real) = 2
  Hour (Real) = 0
  Elapsed_Mi (Real) = 0.0000
  POLYGON ((626160.670391061 5109322.43930131,626133.43575419 5109322.43930131,626106.201117318 5109322.43930131,626078.966480447 5109322.43930131,626051.731843575 5109322.43930131,626024.497206704 5109322.43930131,625997.262569832 5109322.43930131,625970.027932961 5109322.43930131,625942.793296089 5109322.43930131,625915.558659218 5109322.43930131,625888.324022346 5109322.43930131,625861.089385475 5109322.43930131,625833.854748603 5109322.43930131,625806.620111732 5109322.43930131,625779.38547486 5109322.43930131,625752.150837989 5109322.43930131,625773.938547486 5109322.43930131,625795.726256983 5109322.43930131,625817.513966481 5109322.43930131,625839.301675978 5109322.43930131,625833.854748603 5109306.06441048,625828.407821229 5109289.68951965,625822.960893855 5109273.31462882,625817.513966481 5109256.93973799,625812.067039106 5109240.56484716,625806.620111732 5109224.18995633,625801.173184358 5109207.8150655,625795.726256983 5109191.44017467,625812.067039106 5109188.7110262,625828.407821229 5109185.98187773,625844.748603352 5109183.25272926,625861.089385475 5109180.52358079,625877.430167598 5109177.79443231,625893.770949721 5109175.06528384,625910.111731844 5109172.33613537,625926.452513966 5109169.6069869,625942.793296089 5109166.87783843,625959.134078212 5109164.14868996,625975.474860335 5109161.41954148,625991.815642458 5109158.69039301,626008.156424581 5109155.96124454,626024.497206704 5109153.23209607,626040.837988827 5109150.5029476,626057.17877095 5109147.77379913,626073.519553073 5109169.6069869,626089.860335196 5109191.44017467,626106.201117318 5109213.27336245,626122.541899441 5109235.10655022,626138.882681564 5109256.93973799,626155.223463687 5109278.77292576,626171.56424581 5109300.60611354,626187.905027933 5109322.43930131,626160.670391061 5109322.43930131))

OGRFeature(8a-cougarCreek-3polygonIgnit):2
  Fire_Type (String) = Expanding Fire
  Month (Real) = 10
  Day (Real) = 2
  Hour (Real) = 0
  Elapsed_Mi (Real) = 0.0000
  POLYGON ((627669.469273743 5109426.14694323,627669.469273743 5109398.85545852,627669.469273743 5109371.5639738,627669.469273743 5109344.27248908,627669.469273743 5109316.98100437,627669.469273743 5109289.68951965,627669.469273743 5109262.39803493,627669.469273743 5109235.10655022,627691.25698324 5109229.64825328,627713.044692737 5109224.18995633,627734.832402235 5109218.73165939,627756.620111732 5109213.27336245,627778.407821229 5109207.8150655,627800.195530726 5109202.35676856,627821.983240223 5109196.89847162,627843.770949721 5109191.44017467,627865.558659218 5109185.98187773,627887.346368715 5109180.52358079,627909.134078212 5109175.06528384,627930.921787709 5109169.6069869,627952.709497207 5109164.14868996,627974.497206704 5109158.69039301,627996.284916201 5109153.23209607,628018.072625698 5109147.77379913,628031.689944134 5109158.69039301,628045.30726257 5109169.6069869,628058.924581006 5109180.52358079,628072.541899441 5109191.44017467,628086.159217877 5109202.35676856,628099.776536313 5109213.27336245,628113.393854749 5109224.18995633,628127.011173184 5109235.10655022,628140.62849162 5109246.0231441,628154.245810056 5109256.93973799,628167.863128492 5109267.85633188,628181.480446927 5109278.77292576,628195.097765363 5109289.68951965,628208.715083799 5109300.60611354,628222.332402235 5109311.52270742,628235.94972067 5109322.43930131,628219.608938547 5109326.53302402,628203.268156425 5109330.62674673,628186.927374302 5109334.72046943,628170.586592179 5109338.81419214,628154.245810056 5109342.90791485,628137.905027933 5109347.00163755,628121.56424581 5109351.09536026,628105.223463687 5109355.18908297,628088.882681564 5109359.28280568,628072.541899441 5109363.37652838,628056.201117318 5109367.47025109,628039.860335196 5109371.5639738,628023.519553073 5109375.65769651,628007.17877095 5109379.75141921,627990.837988827 5109383.84514192,627974.497206704 5109387.93886463,627958.156424581 5109392.03258734,627941.815642458 5109396.12631004,627925.474860335 5109400.22003275,627909.134078212 5109404.31375546,627892.793296089 5109408.40747817,627876.452513966 5109412.50120087,627860.111731844 5109416.59492358,627843.770949721 5109420.68864629,627827.430167598 5109424.782369,627811.089385475 5109428.8760917,627794.748603352 5109432.96981441,627778.407821229 5109437.06353712,627762.067039106 5109441.15725983,627745.726256983 5109445.25098253,627729.38547486 5109449.34470524,627713.044692737 5109453.43842795,627691.25698324 5109453.43842795,627669.469273743 5109453.43842795,627669.469273743 5109426.14694323))

