INFO: Open of `cougarCreek_3polygonIgnit.shp'
      using driver `ESRI Shapefile' successful.

Layer name: cougarCreek_3polygonIgnit
Geometry: Polygon
Feature Count: 3
Extent: (625752.150838, 5108187.113537) - (628235.949721, 5109453.438428)
Layer SRS WKT:
(unknown)
Fire_Type: String (64.0)
Month: Real (32.0)
Day: Real (32.0)
Hour: Real (32.0)
Elapsed_Mi: Real (32.4)
OGRFeature(cougarCreek_3polygonIgnit):0
  Fire_Type (String) = Expanding Fire
  Month (Real) = 10
  Day (Real) = 2
  Hour (Real) = 0
  Elapsed_Mi (Real) = 0.0000
  POLYGON ((626492.932960893842392 5108252.613100436516106,626492.932960893842392 5108230.779912663623691,626492.932960893842392 5108208.946724890731275,626492.932960893842392 5108187.11353711783886,626511.997206703876145 5108189.842685589566827,626531.061452514026314 5108192.571834061294794,626550.125698324060068 5108195.300982533022761,626569.189944134093821 5108198.030131004750729,626588.254189944127575 5108200.759279475547373,626607.318435754161328 5108203.488427947275341,626626.382681564195082 5108206.217576419003308,626645.44692737434525 5108208.946724890731275,626664.511173184379004 5108211.675873362459242,626683.575418994412757 5108214.40502183418721,626702.639664804446511 5108217.134170305915177,626721.703910614480264 5108219.863318777643144,626740.768156424630433 5108222.592467249371111,626759.832402234664187 5108225.321615720167756,626778.89664804469794 5108228.050764191895723,626797.960893854731694 5108230.779912663623691,626795.237430167617276 5108255.342248908244073,626792.513966480502859 5108279.904585152864456,626789.790502793272026 5108304.466921397484839,626787.067039106157608 5108329.029257642105222,626784.343575419043191 5108353.591593886725605,626781.620111731812358 5108378.153930131345987,626778.89664804469794 5108402.71626637596637,626776.173184357583523 5108427.27860261965543,626773.44972067035269 5108451.840938864275813,626770.726256983238272 5108476.403275108896196,626768.002793296123855 5108500.965611353516579,626765.279329608893022 5108525.527947598136961,626762.555865921778604 5108550.090283842757344,626759.832402234664187 5108574.652620087377727,626757.108938547433354 5108599.21495633199811,626754.385474860318936 5108623.777292576618493,626738.0446927373996 5108601.944104803726077,626721.703910614480264 5108580.110917030833662,626705.363128491677344 5108558.277729257941246,626689.022346368758008 5108536.444541485048831,626672.681564245838672 5108514.611353712156415,626656.340782122919336 5108492.778165939263999,626640.0 5108470.944978166371584,626623.659217877080664 5108449.111790393479168,626607.318435754161328 5108427.27860261965543,626590.977653631241992 5108405.445414846763015,626574.636871508322656 5108383.612227073870599,626558.296089385519736 5108361.779039300978184,626541.9553072626004 5108339.945851528085768,626525.614525139681064 5108318.112663755193353,626509.273743016761728 5108296.279475982300937,626492.932960893842392 5108274.446288209408522,626492.932960893842392 5108252.613100436516106))

OGRFeature(cougarCreek_3polygonIgnit):1
  Fire_Type (String) = Expanding Fire
  Month (Real) = 10
  Day (Real) = 2
  Hour (Real) = 0
  Elapsed_Mi (Real) = 0.0000
  POLYGON ((626160.670391061459668 5109322.439301310107112,626133.435754189966246 5109322.439301310107112,626106.201117318472825 5109322.439301310107112,626078.966480446979403 5109322.439301310107112,626051.731843575369567 5109322.439301310107112,626024.497206703876145 5109322.439301310107112,625997.262569832382724 5109322.439301310107112,625970.027932960889302 5109322.439301310107112,625942.793296089395881 5109322.439301310107112,625915.558659217902459 5109322.439301310107112,625888.324022346409038 5109322.439301310107112,625861.089385474915616 5109322.439301310107112,625833.854748603305779 5109322.439301310107112,625806.620111731812358 5109322.439301310107112,625779.385474860318936 5109322.439301310107112,625752.150837988825515 5109322.439301310107112,625773.938547486090101 5109322.439301310107112,625795.726256983238272 5109322.439301310107112,625817.513966480502859 5109322.439301310107112,625839.30167597765103 5109322.439301310107112,625833.854748603305779 5109306.064410480670631,625828.407821229076944 5109289.689519650302827,625822.960893854731694 5109273.314628820866346,625817.513966480502859 5109256.939737991429865,625812.067039106157608 5109240.564847161993384,625806.620111731812358 5109224.189956331625581,625801.173184357583523 5109207.8150655021891,625795.726256983238272 5109191.440174672752619,625812.067039106157608 5109188.711026201024652,625828.407821229076944 5109185.981877729296684,625844.74860335199628 5109183.252729257568717,625861.089385474915616 5109180.52358078584075,625877.430167597718537 5109177.794432314112782,625893.770949720637873 5109175.065283842384815,625910.111731843557209 5109172.336135371588171,625926.452513966476545 5109169.606986899860203,625942.793296089395881 5109166.877838428132236,625959.134078212315217 5109164.148689956404269,625975.474860335234553 5109161.419541484676301,625991.815642458153889 5109158.690393012948334,626008.156424580956809 5109155.961244541220367,626024.497206703876145 5109153.2320960694924,626040.837988826795481 5109150.502947598695755,626057.178770949714817 5109147.773799126967788,626073.519553072634153 5109169.606986899860203,626089.860335195553489 5109191.440174672752619,626106.201117318472825 5109213.273362445645034,626122.541899441392161 5109235.10655021853745,626138.882681564195082 5109256.939737991429865,626155.223463687114418 5109278.772925764322281,626171.564245810033754 5109300.606113537214696,626187.905027932953089 5109322.439301310107112,626160.670391061459668 5109322.439301310107112))

OGRFeature(cougarCreek_3polygonIgnit):2
  Fire_Type (String) = Expanding Fire
  Month (Real) = 10
  Day (Real) = 2
  Hour (Real) = 0
  Elapsed_Mi (Real) = 0.0000
  POLYGON ((627669.469273742986843 5109426.146943231113255,627669.469273742986843 5109398.855458515696228,627669.469273742986843 5109371.563973799347878,627669.469273742986843 5109344.272489082999527,627669.469273742986843 5109316.981004366651177,627669.469273742986843 5109289.689519650302827,627669.469273742986843 5109262.3980349348858,627669.469273742986843 5109235.10655021853745,627691.256983240251429 5109229.648253275081515,627713.0446927373996 5109224.189956331625581,627734.832402234664187 5109218.731659389100969,627756.620111731812358 5109213.273362445645034,627778.407821229076944 5109207.8150655021891,627800.195530726225115 5109202.356768558733165,627821.983240223489702 5109196.898471615277231,627843.770949720637873 5109191.440174672752619,627865.558659217902459 5109185.981877729296684,627887.34636871505063 5109180.52358078584075,627909.134078212315217 5109175.065283842384815,627930.921787709463388 5109169.606986899860203,627952.709497206727974 5109164.148689956404269,627974.497206703876145 5109158.690393012948334,627996.284916201140732 5109153.2320960694924,628018.072625698288903 5109147.773799126967788,628031.689944134093821 5109158.690393012948334,628045.307262569782324 5109169.606986899860203,628058.924581005587243 5109180.52358078584075,628072.541899441392161 5109191.440174672752619,628086.159217877080664 5109202.356768558733165,628099.776536312885582 5109213.273362445645034,628113.393854748574086 5109224.189956331625581,628127.011173184379004 5109235.10655021853745,628140.628491620067507 5109246.023144104517996,628154.245810055872425 5109256.939737991429865,628167.863128491677344 5109267.856331877410412,628181.480446927365847 5109278.772925764322281,628195.097765363170765 5109289.689519650302827,628208.715083798859268 5109300.606113537214696,628222.332402234664187 5109311.522707423195243,628235.94972067035269 5109322.439301310107112,628219.608938547433354 5109326.533024017699063,628203.268156424630433 5109330.626746725291014,628186.927374301711097 5109334.720469431951642,628170.586592178791761 5109338.814192139543593,628154.245810055872425 5109342.907914847135544,628137.905027932953089 5109347.001637554727495,628121.564245810033754 5109351.095360262319446,628105.223463687114418 5109355.189082968980074,628088.882681564195082 5109359.282805676572025,628072.541899441392161 5109363.376528384163976,628056.201117318472825 5109367.470251091755927,628039.860335195553489 5109371.563973799347878,628023.519553072634153 5109375.657696506939828,628007.178770949714817 5109379.751419213600457,627990.837988826795481 5109383.845141921192408,627974.497206703876145 5109387.938864628784359,627958.156424580956809 5109392.032587336376309,627941.815642458153889 5109396.12631004396826,627925.474860335234553 5109400.220032750628889,627909.134078212315217 5109404.31375545822084,627892.793296089395881 5109408.40747816581279,627876.452513966476545 5109412.501200873404741,627860.111731843557209 5109416.594923580996692,627843.770949720637873 5109420.688646288588643,627827.430167597718537 5109424.782368995249271,627811.089385474799201 5109428.876091702841222,627794.74860335199628 5109432.969814410433173,627778.407821229076944 5109437.063537118025124,627762.067039106157608 5109441.157259825617075,627745.726256983238272 5109445.250982533209026,627729.385474860318936 5109449.344705239869654,627713.0446927373996 5109453.438427947461605,627691.256983240251429 5109453.438427947461605,627669.469273742986843 5109453.438427947461605,627669.469273742986843 5109426.146943231113255))

