INFO: Open of `flatland_centerIgnit_LinuxPerimeters.shp'
      using driver `ESRI Shapefile' successful.

Layer name: flatland_centerIgnit_LinuxPerimeters
Geometry: Line String
Feature Count: 7
Extent: (20560.000000, 20850.000000) - (22387.000000, 22902.000000)
Layer SRS WKT:
(unknown)
Fire_Type: String (64.0)
Month: Real (32.0)
Day: Real (32.0)
Hour: Real (32.0)
Elapsed_Mi: Real (32.4)
OGRFeature(flatland_centerIgnit_LinuxPerimeters):0
  Fire_Type (String) = Expanding Fire
  Month (Real) = 4
  Day (Real) = 26
  Hour (Real) = 1300
  Elapsed_Mi (Real) = 60.0000
  LINESTRING (21235 21575,21256 21522,21274 21486,21296 21457,21312 21437,21327 21418,21343 21398,21358 21378,21385 21347,21423 21321,21452 21307,21488 21292,21522 21309,21551 21324,21588 21353,21613 21387,21626 21408,21639 21427,21652 21446,21665 21467,21685 21499,21699 21540,21714 21598,21691 21652,21671 21689,21646 21718,21630 21737,21614 21755,21597 21773,21580 21792,21553 21821,21517 21844,21487 21857,21453 21870,21419 21853,21391 21838,21356 21810,21331 21777,21318 21757,21306 21739,21294 21721,21282 21702,21262 21670,21249 21631,21235 21575)

OGRFeature(flatland_centerIgnit_LinuxPerimeters):1
  Fire_Type (String) = Expanding Fire
  Month (Real) = 4
  Day (Real) = 26
  Hour (Real) = 1400
  Elapsed_Mi (Real) = 120.0000
  LINESTRING (21113 21620,21122 21588,21130 21557,21146 21517,21172 21465,21202 21424,21219 21403,21234 21383,21250 21364,21268 21341,21306 21298,21336 21276,21365 21256,21409 21235,21443 21224,21491 21212,21538 21227,21571 21240,21615 21263,21643 21286,21673 21310,21691 21334,21710 21359,21726 21383,21739 21402,21751 21422,21767 21445,21794 21492,21805 21522,21816 21551,21826 21595,21831 21626,21836 21665,21825 21696,21816 21727,21800 21767,21785 21794,21770 21822,21736 21863,21718 21884,21702 21902,21685 21920,21666 21942,21627 21981,21599 22000,21571 22018,21527 22037,21491 22047,21447 22057,21404 22043,21370 22029,21327 22006,21300 21984,21271 21961,21235 21914,21219 21889,21206 21871,21195 21852,21180 21831,21153 21784,21142 21754,21132 21725,21123 21684,21118 21652,21113 21620)

OGRFeature(flatland_centerIgnit_LinuxPerimeters):2
  Fire_Type (String) = Expanding Fire
  Month (Real) = 4
  Day (Real) = 26
  Hour (Real) = 1500
  Elapsed_Mi (Real) = 180.0000
  LINESTRING (20993 21664,21000 21634,21006 21604,21018 21564,21037 21513,21054 21479,21073 21442,21091 21418,21109 21393,21128 21369,21144 21350,21159 21330,21180 21305,21201 21280,21230 21249,21270 21219,21309 21192,21338 21178,21367 21165,21413 21149,21448 21142,21492 21133,21540 21144,21574 21154,21619 21172,21647 21187,21676 21203,21714 21232,21755 21266,21783 21303,21804 21331,21823 21358,21836 21378,21849 21398,21866 21424,21883 21451,21901 21483,21917 21526,21931 21565,21944 21619,21950 21661,21953 21694,21955 21730,21947 21760,21940 21790,21927 21828,21907 21878,21888 21914,21866 21953,21844 21980,21825 22004,21804 22028,21788 22046,21771 22064,21749 22089,21726 22112,21700 22138,21661 22165,21623 22188,21594 22201,21565 22214,21518 22227,21485 22234,21442 22241,21400 22230,21367 22220,21322 22202,21293 22186,21265 22171,21228 22142,21189 22109,21162 22075,21140 22047,21121 22018,21109 21999,21097 21981,21080 21956,21064 21928,21046 21896,21030 21854,21017 21815,21005 21764,20999 21725,20996 21695,20993 21664)

OGRFeature(flatland_centerIgnit_LinuxPerimeters):3
  Fire_Type (String) = Expanding Fire
  Month (Real) = 4
  Day (Real) = 26
  Hour (Real) = 1600
  Elapsed_Mi (Real) = 240.0000
  LINESTRING (20877 21707,20887 21655,20895 21620,20909 21571,20920 21541,20932 21510,20953 21468,20977 21423,21001 21390,21020 21363,21040 21337,21056 21318,21072 21298,21094 21270,21119 21242,21156 21202,21182 21182,21207 21163,21254 21132,21292 21113,21329 21096,21384 21078,21428 21068,21459 21063,21493 21058,21534 21065,21566 21072,21609 21084,21663 21106,21699 21125,21737 21146,21783 21181,21808 21202,21835 21225,21872 21271,21896 21304,21917 21334,21930 21355,21943 21374,21962 21404,21981 21435,22004 21476,22025 21529,22041 21577,22049 21611,22057 21644,22065 21695,22068 21736,22070 21793,22059 21844,22050 21879,22035 21925,22023 21955,22011 21985,21988 22029,21960 22078,21932 22114,21910 22141,21887 22166,21871 22184,21854 22203,21830 22230,21804 22256,21769 22290,21721 22323,21675 22352,21637 22369,21599 22385,21543 22401,21502 22409,21470 22413,21436 22417,21403 22410,21372 22403,21331 22391,21277 22369,21241 22350,21204 22328,21158 22294,21135 22273,21110 22251,21074 22208,21049 22176,21027 22143,21015 22124,21002 22105,20984 22077,20966 22046,20942 22003,20922 21950,20906 21903,20899 21872,20892 21841,20885 21794,20881 21758,20877 21707)

OGRFeature(flatland_centerIgnit_LinuxPerimeters):4
  Fire_Type (String) = Expanding Fire
  Month (Real) = 4
  Day (Real) = 26
  Hour (Real) = 1700
  Elapsed_Mi (Real) = 300.0000
  LINESTRING (20766 21748,20773 21710,20778 21678,20788 21635,20804 21580,20818 21543,20832 21505,20856 21457,20885 21404,20913 21363,20935 21334,20957 21307,20972 21287,20988 21267,21012 21236,21040 21205,21061 21182,21084 21158,21118 21132,21146 21110,21173 21092,21202 21073,21247 21050,21291 21031,21324 21019,21357 21009,21408 20997,21445 20991,21496 20985,21553 20994,21592 21002,21642 21017,21674 21030,21707 21043,21749 21065,21794 21090,21823 21112,21849 21132,21877 21156,21911 21186,21936 21216,21956 21241,21983 21278,22006 21312,22020 21332,22033 21352,22054 21384,22075 21419,22102 21469,22116 21502,22128 21532,22146 21587,22157 21629,22166 21668,22175 21727,22179 21776,22180 21810,22181 21854,22173 21891,22166 21923,22156 21964,22139 22017,22125 22052,22109 22089,22083 22140,22067 22167,22049 22198,22015 22241,21991 22271,21967 22299,21950 22317,21934 22336,21907 22365,21878 22395,21837 22434,21805 22457,21778 22476,21751 22492,21725 22509,21678 22530,21634 22549,21600 22559,21567 22568,21519 22577,21482 22582,21431 22587,21382 22577,21345 22569,21298 22555,21266 22542,21233 22529,21190 22506,21146 22480,21118 22459,21093 22439,21065 22416,21033 22387,21010 22360,20990 22336,20962 22299,20938 22263,20924 22242,20912 22223,20892 22193,20872 22158,20844 22108,20830 22073,20819 22042,20801 21988,20792 21950,20783 21913,20775 21859,20770 21818,20768 21786,20766 21748)

OGRFeature(flatland_centerIgnit_LinuxPerimeters):5
  Fire_Type (String) = Expanding Fire
  Month (Real) = 4
  Day (Real) = 26
  Hour (Real) = 1800
  Elapsed_Mi (Real) = 360.0000
  LINESTRING (20661 21787,20668 21735,20675 21698,20686 21649,20695 21618,20704 21587,20720 21545,20737 21501,20751 21474,20764 21447,20779 21417,20798 21385,20830 21338,20853 21307,20876 21277,20892 21257,20908 21237,20934 21204,20965 21170,20988 21145,21017 21115,21057 21083,21088 21060,21118 21040,21153 21017,21205 20991,21254 20969,21293 20955,21332 20943,21389 20929,21432 20923,21463 20919,21497 20916,21537 20921,21570 20926,21616 20936,21673 20953,21710 20967,21749 20983,21797 21008,21847 21037,21883 21063,21912 21086,21943 21112,21983 21148,22015 21185,22037 21213,22067 21253,22092 21290,22106 21311,22119 21331,22142 21365,22164 21404,22180 21431,22196 21461,22213 21503,22226 21536,22236 21566,22247 21598,22259 21646,22269 21690,22275 21724,22280 21759,22285 21814,22286 21854,22286 21912,22276 21963,22269 21998,22256 22046,22247 22075,22237 22105,22221 22145,22203 22188,22189 22217,22174 22245,22156 22276,22134 22314,22114 22339,22095 22363,22069 22396,22043 22425,22026 22444,22009 22463,21981 22495,21949 22527,21926 22548,21900 22573,21863 22600,21833 22621,21804 22639,21770 22659,21718 22683,21667 22704,21627 22716,21589 22727,21535 22738,21492 22743,21460 22746,21427 22748,21393 22743,21362 22737,21320 22727,21266 22711,21230 22697,21191 22681,21142 22655,21092 22626,21058 22600,21029 22578,20999 22552,20961 22518,20932 22484,20910 22457,20879 22416,20852 22377,20838 22356,20825 22336,20804 22303,20782 22265,20766 22238,20750 22206,20733 22164,20720 22130,20710 22100,20700 22069,20689 22025,20679 21983,20675 21952,20670 21922,20665 21875,20663 21839,20661 21787)

OGRFeature(flatland_centerIgnit_LinuxPerimeters):6
  Fire_Type (String) = Expanding Fire
  Month (Real) = 4
  Day (Real) = 26
  Hour (Real) = 1900
  Elapsed_Mi (Real) = 420.0000
  LINESTRING (20560 21824,20565 21791,20569 21760,20577 21718,20589 21664,20599 21629,20610 21593,20627 21547,20646 21498,20662 21466,20676 21437,20693 21405,20714 21366,20733 21340,20750 21315,20775 21280,20800 21249,20816 21229,20832 21209,20860 21174,20893 21137,20918 21110,20953 21074,20999 21038,21033 21012,21065 20990,21106 20963,21136 20948,21165 20934,21218 20909,21264 20894,21307 20880,21339 20872,21371 20865,21419 20857,21454 20854,21499 20850,21550 20856,21588 20862,21638 20873,21671 20882,21703 20892,21745 20908,21789 20926,21842 20954,21870 20969,21900 20987,21940 21017,21972 21041,22006 21070,22029 21090,22053 21112,22089 21155,22114 21186,22147 21229,22173 21269,22188 21290,22201 21311,22225 21348,22250 21389,22266 21419,22286 21455,22305 21503,22319 21539,22331 21571,22344 21609,22357 21662,22368 21711,22374 21750,22380 21790,22383 21820,22385 21850,22387 21897,22387 21929,22386 21968,22381 22000,22375 22030,22366 22070,22353 22123,22342 22156,22331 22189,22314 22234,22294 22282,22276 22315,22261 22345,22241 22379,22215 22422,22191 22454,22172 22479,22143 22514,22116 22545,22099 22565,22081 22584,22051 22618,22017 22652,21992 22676,21961 22705,21918 22736,21885 22759,21853 22779,21814 22802,21784 22816,21755 22829,21727 22841,21699 22853,21653 22867,21611 22879,21580 22885,21550 22891,21502 22897,21467 22900,21422 22902,21378 22895,21343 22889,21296 22878,21266 22869,21236 22860,21195 22844,21150 22826,21123 22811,21096 22797,21069 22781,21039 22764,21000 22734,20969 22710,20936 22682,20892 22643,20858 22603,20833 22573,20799 22528,20770 22486,20756 22464,20743 22444,20720 22408,20696 22367,20680 22338,20659 22300,20640 22251,20626 22214,20615 22182,20603 22145,20591 22096,20581 22050,20575 22015,20570 21981,20565 21929,20562 21889,20561 21857,20560 21824)

