INFO: Open of `cougarCreek_polygonIgnit_WindowsPerimeters.shp'
      using driver `ESRI Shapefile' successful.

Layer name: cougarCreek_polygonIgnit_WindowsPerimeters
Geometry: Polygon
Feature Count: 18
Extent: (627743.624211, 5107114.434141) - (628635.965816, 5107878.472553)
Layer SRS WKT:
(unknown)
Fire_Type: String (64.0)
Month: Real (32.0)
Day: Real (32.0)
Hour: Real (32.0)
Elapsed_Mi: Real (32.4)
OGRFeature(cougarCreek_polygonIgnit_WindowsPerimeters):0
  Fire_Type (String) = Expanding Fire
  Month (Real) = 10
  Day (Real) = 2
  Hour (Real) = 0
  Elapsed_Mi (Real) = 0.0000
  POLYGON ((628144.768786127 5107444.7440512,628144.768786127 5107427.80195783,628144.768786127 5107410.85986446,628144.768786127 5107393.91777108,628144.768786127 5107376.97567771,628144.768786127 5107360.03358434,628144.768786127 5107343.09149096,628144.768786127 5107326.14939759,628167.312138728 5107314.85466867,628189.855491329 5107303.55993976,628212.398843931 5107292.26521084,628234.942196532 5107280.97048193,628251.849710983 5107303.55993976,628268.757225433 5107326.14939759,628285.664739884 5107348.73885542,628302.572254335 5107371.32831325,628319.479768786 5107393.91777108,628336.387283237 5107416.50722892,628353.294797688 5107439.09668675,628370.202312139 5107461.68614458,628364.566473988 5107489.92296687,628358.930635838 5107518.15978916,628353.294797688 5107546.39661145,628347.658959538 5107574.63343373,628342.023121387 5107602.87025602,628336.387283237 5107631.10707831,628330.751445087 5107659.3439006,628325.115606936 5107687.58072289,628313.843930636 5107673.46231175,628302.572254335 5107659.3439006,628291.300578035 5107645.22548946,628280.028901734 5107631.10707831,628268.757225433 5107616.98866717,628257.485549133 5107602.87025602,628246.213872832 5107588.75184488,628234.942196532 5107574.63343373,628223.670520231 5107560.51502259,628212.398843931 5107546.39661145,628201.12716763 5107532.2782003,628189.855491329 5107518.15978916,628178.583815029 5107504.04137801,628167.312138728 5107489.92296687,628156.040462428 5107475.80455572,628144.768786127 5107461.68614458,628144.768786127 5107444.7440512))

OGRFeature(cougarCreek_polygonIgnit_WindowsPerimeters):1
  Fire_Type (String) = Expanding Fire
  Month (Real) = 10
  Day (Real) = 2
  Hour (Real) = 200
  Elapsed_Mi (Real) = 120.0000
  POLYGON ((628111.668521865 5107376.11834597,628113.80489191 5107351.45194583,628120.02826424 5107317.67274685,628156.795260758 5107302.98872069,628179.169019178 5107291.76947393,628201.54653382 5107275.81496757,628236.635392063 5107276.64067685,628256.317913636 5107301.30078253,628273.199906295 5107323.71435867,628297.228384982 5107342.31014354,628331.041175625 5107360.21835898,628341.940903656 5107391.24501619,628343.944944813 5107414.73256225,628387.510302657 5107428.57205731,628413.274255421 5107481.46610736,628373.337879513 5107499.44014197,628369.159488103 5107525.98037269,628363.227401628 5107554.16883589,628357.501266723 5107582.18045019,628351.709779431 5107609.98057717,628345.469947391 5107637.16117751,628339.446985309 5107663.51720337,628343.354604212 5107713.11301754,628302.132445867 5107694.95433763,628297.627532813 5107665.56953854,628287.359132066 5107653.18656581,628276.119389118 5107638.85160865,628264.947479381 5107625.02144649,628253.630626595 5107611.38326542,628242.393806385 5107597.86893373,628231.204673574 5107584.15063616,628221.685603482 5107572.11389649,628196.711185985 5107580.98743219,628196.392278802 5107540.67650135,628185.902775266 5107527.91027971,628173.196074081 5107511.50156503,628162.253931074 5107497.72713705,628144.943174852 5107490.74697081,628127.525205052 5107473.19787393,628136.502042181 5107446.8747664,628136.461227891 5107430.55571048,628136.733241894 5107414.44878111,628130.829779211 5107400.00377862,628125.256377937 5107387.0555492,628111.668521865 5107376.11834597))

OGRFeature(cougarCreek_polygonIgnit_WindowsPerimeters):2
  Fire_Type (String) = Expanding Fire
  Month (Real) = 10
  Day (Real) = 2
  Hour (Real) = 400
  Elapsed_Mi (Real) = 240.0000
  POLYGON ((628085.444004245 5107389.43138057,628103.821556281 5107352.3397218,628112.103690221 5107314.72170513,628152.173998812 5107298.08997714,628173.972394574 5107287.48592256,628199.252947767 5107271.0461176,628238.621418987 5107272.38143132,628260.795074103 5107298.9558716,628275.789306608 5107321.77664887,628303.630883376 5107335.15948075,628342.012000611 5107355.77098926,628350.652590327 5107393.71223328,628349.043354556 5107410.77638113,628380.240542976 5107411.14404527,628411.437731395 5107411.51170941,628440.889570091 5107460.0790031,628441.636989456 5107516.46952436,628410.348323304 5107515.08660287,628379.059657151 5107513.70368138,628379.180159135 5107533.42331648,628373.127996416 5107562.22094084,628367.460407011 5107589.88477454,628360.952642137 5107616.3583439,628353.983135468 5107642.95899975,628348.196738195 5107667.54548812,628350.060632542 5107723.80816486,628298.68143043 5107705.7259601,628291.891813733 5107671.17728159,628283.389129905 5107661.39782737,628272.089042071 5107647.07543754,628261.081070151 5107633.27103782,628249.866307586 5107619.75189936,628238.71878971 5107607.50054063,628227.004850106 5107593.11030012,628227.649470177 5107586.56594959,628188.123805465 5107603.81150858,628190.131680658 5107546.06176006,628167.268341693 5107565.07978904,628167.106152837 5107518.11211117,628158.245235002 5107506.76898488,628139.178184575 5107499.8690099,628123.096584665 5107475.6315503,628128.269699891 5107448.05460322,628128.053081739 5107433.27189669,628128.631103052 5107418.53891426,628124.282105255 5107407.15572383,628111.954938527 5107405.80811101,628085.444004245 5107389.43138057))

OGRFeature(cougarCreek_polygonIgnit_WindowsPerimeters):3
  Fire_Type (String) = Expanding Fire
  Month (Real) = 10
  Day (Real) = 2
  Hour (Real) = 600
  Elapsed_Mi (Real) = 360.0000
  POLYGON ((628074.279638232 5107393.39397114,628093.7063014 5107352.57121658,628103.934668382 5107311.65785992,628147.122808881 5107292.86877666,628168.899945687 5107283.03492112,628197.101331058 5107266.17348827,628240.588750305 5107268.04523343,628265.459158801 5107296.75025503,628276.999462148 5107320.8681889,628304.424426386 5107333.97045001,628347.988833852 5107353.64223755,628359.566376061 5107396.64145557,628351.805260306 5107405.99348731,628381.172800416 5107391.89902231,628429.215998841 5107396.68527544,628463.114464993 5107430.33190058,628467.880093723 5107464.60490747,628468.564787044 5107502.65294134,628459.863506305 5107549.5518479,628409.164542086 5107530.85677958,628384.075871603 5107529.18994517,628389.642625691 5107540.15882305,628383.306376023 5107570.62372834,628377.291188257 5107598.00270883,628370.124986431 5107623.28072842,628362.729938431 5107649.12999,628357.134299199 5107671.46878143,628357.493343056 5107702.21786703,628356.595483158 5107734.57063549,628325.446020411 5107735.28608801,628295.195518908 5107717.26183292,628285.792798738 5107677.22786938,628279.29933912 5107670.13119444,628267.922619993 5107655.67282019,628257.022773118 5107641.84946793,628246.123706062 5107628.56421432,628234.812562131 5107617.24412122,628228.29530397 5107604.467297,628186.689130639 5107632.51355243,628183.84596526 5107583.96420294,628160.824434414 5107578.33645301,628141.53127619 5107533.07821403,628152.399108695 5107514.69063891,628132.234100907 5107508.42967609,628123.096584665 5107475.6315503,628105.226326836 5107457.7814327,628104.937661759 5107438.88952978,628119.964853194 5107421.6836707,628118.294307864 5107416.26235264,628106.854464318 5107415.45387822,628074.279638232 5107393.39397114))

OGRFeature(cougarCreek_polygonIgnit_WindowsPerimeters):4
  Fire_Type (String) = Expanding Fire
  Month (Real) = 10
  Day (Real) = 2
  Hour (Real) = 800
  Elapsed_Mi (Real) = 480.0000
  POLYGON ((628054.296529802 5107352.39042367,628075.142797011 5107330.03918277,628095.98906422 5107307.68794188,628141.759324564 5107287.33044514,628163.369218348 5107277.84021351,628194.89919801 5107260.7663621,628242.736136283 5107263.25048622,628270.776011161 5107294.56508848,628278.49035311 5107319.92955053,628305.773016099 5107331.85927229,628354.080348113 5107351.08196966,628367.965557038 5107396.41348467,628381.206607013 5107386.63616872,628432.985792211 5107391.81605741,628459.586124523 5107409.1355629,628503.848836323 5107430.44010511,628478.571603355 5107470.31113787,628479.866191137 5107509.84643685,628463.935537312 5107562.35561632,628407.277880921 5107546.95795372,628400.183406471 5107546.57524259,628393.945368426 5107579.38287934,628387.550138419 5107606.88595007,628379.325495384 5107630.89615126,628371.441721004 5107655.56983958,628366.160770526 5107675.6406661,628367.360098938 5107706.41273111,628363.829972526 5107744.24382255,628325.932349686 5107748.81799796,628290.102823176 5107727.14472496,628279.637865405 5107683.17044204,628275.115843222 5107679.62062622,628263.68419535 5107664.23372351,628252.879379539 5107650.52873832,628242.477702753 5107638.09873527,628230.12761873 5107625.74355355,628216.846466755 5107641.85013128,628188.086769956 5107663.14378306,628179.001250775 5107619.18583731,628180.611632325 5107590.71774936,628158.91662993 5107586.65586483,628123.652548358 5107545.55619659,628138.884604578 5107522.85865916,628123.975366572 5107515.94908959,628123.096584665 5107475.6315503,628105.226326836 5107457.7814327,628081.467249988 5107439.39547056,628111.657355356 5107419.3807425,628101.36407925 5107425.3590402,628063.63140867 5107399.38075785,628054.296529802 5107352.39042367))

OGRFeature(cougarCreek_polygonIgnit_WindowsPerimeters):5
  Fire_Type (String) = Expanding Fire
  Month (Real) = 10
  Day (Real) = 2
  Hour (Real) = 1000
  Elapsed_Mi (Real) = 600.0000
  POLYGON ((628036.628538235 5107355.09558857,628063.220764008 5107325.91454105,628086.963963665 5107301.37387254,628134.910192169 5107281.32066583,628147.104989404 5107260.85249739,628192.868180356 5107254.07146072,628245.363633628 5107257.38372168,628277.604925916 5107292.24218618,628280.395291322 5107318.82840845,628309.111302477 5107326.48431631,628361.021244548 5107347.84264202,628376.723002296 5107394.5627327,628381.136489485 5107380.54021119,628436.666858727 5107386.01544104,628465.039849933 5107404.03594949,628496.256090709 5107416.74284221,628530.916786998 5107434.213148,628515.893825872 5107467.77408918,628489.572363247 5107479.82050082,628491.336220599 5107517.52045648,628481.00799334 5107546.67564618,628470.679766082 5107575.83083587,628434.935187952 5107571.17675062,628408.930952097 5107566.36944953,628406.19090231 5107589.58735572,628398.550619594 5107616.345245,628389.442991094 5107639.82274921,628381.110166832 5107660.49754295,628404.607414068 5107693.04832258,628376.402778162 5107712.26545616,628371.667222882 5107756.34459128,628326.42355164 5107763.77252303,628284.418657928 5107737.68298719,628272.770636955 5107689.53769386,628270.538021607 5107690.54178261,628258.739024652 5107674.09724551,628248.36649729 5107660.17240513,628237.771715031 5107648.08620762,628237.20955118 5107640.68460193,628226.736107916 5107653.6154449,628185.296090268 5107684.0019737,628169.845730113 5107626.3008011,628172.527260809 5107619.26236398,628148.100295789 5107638.1781827,628124.87788509 5107598.48022526,628113.871233912 5107550.84204463,628120.664543332 5107530.51287814,628113.610401016 5107521.35848449,628123.096584665 5107475.6315503,628105.226326836 5107457.7814327,628071.941901473 5107445.78284944,628083.303176362 5107438.92925917,628052.581372152 5107407.66695155,628036.628538235 5107355.09558857))

OGRFeature(cougarCreek_polygonIgnit_WindowsPerimeters):6
  Fire_Type (String) = Expanding Fire
  Month (Real) = 10
  Day (Real) = 2
  Hour (Real) = 1200
  Elapsed_Mi (Real) = 720.0000
  POLYGON ((627973.796012168 5107359.23035733,628011.634123255 5107329.40088969,628049.098073031 5107320.55743019,628076.875546226 5107294.15628877,628126.346242972 5107275.28744689,628139.824788378 5107253.52754348,628191.55257235 5107246.71288915,628248.267537197 5107250.85902917,628285.720871299 5107290.20592555,628282.408461974 5107317.70526907,628312.471670878 5107320.23179793,628340.724215131 5107332.1347844,628368.976759384 5107344.03777088,628387.463387898 5107393.82295151,628380.17080669 5107373.76035912,628410.482504481 5107376.54711188,628440.794202273 5107379.33386464,628471.428944173 5107397.99886913,628501.89127717 5107410.75599218,628542.180866638 5107434.95268312,628525.289817335 5107481.92006345,628500.34312575 5107490.81792156,628502.302724479 5107523.68485053,628492.702747123 5107557.24547685,628476.866266682 5107595.26972371,628433.909865694 5107591.60301117,628416.312401178 5107587.65100704,628420.448927112 5107600.99937518,628410.751064204 5107628.22260493,628399.584366386 5107649.96227101,628391.576923816 5107661.77069885,628415.593174011 5107699.28504472,628385.588211485 5107721.53843506,628380.284530588 5107769.51741869,628325.845311857 5107781.28785829,628277.849808126 5107750.08767683,628264.557896531 5107697.85033288,628255.923727336 5107728.89917069,628252.008591878 5107685.52609294,628242.520869753 5107671.88794923,628236.319280706 5107663.37733856,628238.177916058 5107667.92760198,628213.326192955 5107687.27255855,628185.583388224 5107706.1175489,628167.354452993 5107668.48260599,628171.874453884 5107645.79019671,628147.559814988 5107699.40662536,628121.579643495 5107650.21587307,628115.111455271 5107605.91447871,628102.877033011 5107555.81722578,628108.764857067 5107535.05110865,628101.780896737 5107524.29067204,628123.096584665 5107475.6315503,628105.226326836 5107457.7814327,628065.111222545 5107459.11238452,628072.740363559 5107448.40948305,628040.922821929 5107416.94915046,628021.840598685 5107388.27066268,627973.796012168 5107359.23035733))

OGRFeature(cougarCreek_polygonIgnit_WindowsPerimeters):7
  Fire_Type (String) = Expanding Fire
  Month (Real) = 10
  Day (Real) = 2
  Hour (Real) = 1400
  Elapsed_Mi (Real) = 840.0000
  POLYGON ((627908.914346729 5107383.58780549,627932.641708939 5107356.93376011,627956.369071148 5107330.27971472,628000.906632991 5107319.34647825,628038.236220706 5107312.43061181,628066.811111704 5107286.60597934,628116.117186421 5107267.73139197,628132.714250508 5107245.87627995,628189.489034601 5107238.91523801,628220.331370132 5107236.45699112,628251.46266071 5107244.2029339,628272.912161073 5107266.37017877,628294.361661436 5107288.53742364,628284.495154989 5107316.61025387,628314.904618463 5107313.17643468,628345.072739109 5107325.67684934,628378.631501748 5107340.28253851,628388.832273877 5107369.05397626,628412.514820807 5107368.9435309,628445.312039022 5107372.05681639,628493.525036271 5107375.43737741,628509.199945329 5107404.95679993,628553.396062312 5107435.8842681,628544.416318225 5107465.70648547,628535.436574137 5107495.52870285,628511.197191042 5107502.84648441,628514.075330656 5107530.13251892,628504.712409974 5107568.16057768,628486.238348948 5107623.67821629,628433.858990835 5107615.60227054,628423.19557586 5107641.60011197,628410.068124013 5107664.78321506,628403.157329695 5107662.76239081,628427.617346395 5107706.1327654,628396.014529919 5107732.02577439,628390.230026258 5107782.25169789,628357.347306767 5107792.72789072,628325.612174667 5107800.64586054,628296.408235462 5107797.40929341,628271.762512501 5107767.01722831,628259.253192677 5107764.26381014,628237.200495944 5107759.35358612,628230.71611685 5107727.364103,628240.003917227 5107698.20450872,628230.700350816 5107719.31242615,628183.734438264 5107731.24425217,628164.407918014 5107693.33119794,628154.784020777 5107725.20032807,628119.770737297 5107705.08879663,628110.227267607 5107662.24779038,628102.790116426 5107616.98280582,628085.941425193 5107563.31853969,628096.084254721 5107540.13320198,628084.26754264 5107525.8076508,628103.682063652 5107500.71960055,628123.096584665 5107475.6315503,628105.226326836 5107457.7814327,628057.400349197 5107486.46681809,628061.403481666 5107457.50067911,628029.647552672 5107427.27799076,628007.000656313 5107398.02279816,627980.7972512 5107387.32842187,627944.855798965 5107385.45811368,627908.914346729 5107383.58780549))

OGRFeature(cougarCreek_polygonIgnit_WindowsPerimeters):8
  Fire_Type (String) = Expanding Fire
  Month (Real) = 10
  Day (Real) = 2
  Hour (Real) = 1600
  Elapsed_Mi (Real) = 960.0000
  POLYGON ((627863.125049177 5107387.00453071,627893.854929913 5107369.82279935,627924.58481065 5107352.64106799,627947.912283773 5107323.87858266,627993.639159975 5107310.03488721,628020.10298623 5107299.53688639,628048.275268005 5107273.56081828,628106.257751713 5107259.94906803,628123.880100858 5107236.62454795,628155.455436727 5107233.49593083,628185.803173585 5107231.45590578,628220.219703871 5107206.67748656,628255.291554488 5107238.20848208,628278.924316259 5107262.01863176,628303.560286996 5107289.61430262,628286.642412417 5107315.58626562,628316.399868975 5107306.00452805,628349.392980564 5107319.24888425,628387.752456061 5107336.00217345,628400.7829149 5107358.87691753,628417.27761271 5107343.09299397,628449.218288228 5107358.46041975,628477.658346608 5107347.95648261,628513.351926982 5107358.57148507,628525.894535289 5107400.25064578,628563.267164262 5107434.55623504,628555.668761929 5107474.33773787,628544.114915261 5107509.37670913,628521.394288231 5107515.31343655,628525.365656777 5107536.25427343,628516.549046532 5107577.8103071,628506.411748559 5107607.99001453,628490.687064451 5107644.39667643,628437.16236291 5107640.17559861,628434.604207566 5107654.32681253,628420.741055781 5107672.27496847,628448.469860028 5107696.97882043,628465.391794505 5107730.39425425,628433.375919959 5107738.95345969,628405.681794943 5107743.42412227,628406.831704796 5107773.52936573,628407.981614648 5107803.63460919,628362.22097527 5107811.39686582,628327.645213927 5107819.85251981,628292.658752327 5107816.11382548,628265.958598472 5107786.64668286,628265.77728538 5107787.5380158,628216.244120182 5107805.89027273,628221.584900642 5107752.98721141,628179.581786093 5107754.52017903,628164.043375325 5107719.37783246,628160.486896058 5107750.23093282,628111.953622968 5107723.62826463,628098.71779125 5107672.83293898,628083.838785917 5107639.31954744,628069.575553384 5107609.71471044,628056.79514873 5107574.11670885,628067.985551046 5107551.90863164,628054.325615633 5107530.89581566,628094.689558774 5107496.77560494,628123.096584665 5107475.6315503,628105.226326836 5107457.7814327,628086.984638692 5107497.59937452,628042.275235368 5107525.80723372,628048.246014584 5107467.46868782,628018.961822966 5107437.01122746,627996.872709831 5107408.63372064,627974.536027481 5107399.66644235,627925.756308111 5107418.04336007,627894.440678644 5107402.52394539,627863.125049177 5107387.00453071))

OGRFeature(cougarCreek_polygonIgnit_WindowsPerimeters):9
  Fire_Type (String) = Expanding Fire
  Month (Real) = 10
  Day (Real) = 2
  Hour (Real) = 1800
  Elapsed_Mi (Real) = 1080.0000
  POLYGON ((627839.594153079 5107390.02343381,627879.496926723 5107354.75623216,627918.297717394 5107347.8934087,627940.727901952 5107318.6220799,627984.140914179 5107303.22964335,627993.228525038 5107283.09904568,628043.566652386 5107267.0231185,628096.305783476 5107253.54777477,628094.893239926 5107209.93123188,628152.306457178 5107223.91884594,628177.597527849 5107223.70528711,628214.382408748 5107176.56877653,628244.602576533 5107206.00040495,628260.072799717 5107233.70038396,628284.754862254 5107258.21501932,628311.869728454 5107291.28941551,628288.871638543 5107314.74262397,628316.225131873 5107299.63137274,628353.277446583 5107313.34575669,628392.725254537 5107330.65462708,628406.959383688 5107333.9688136,628418.502743078 5107330.05121322,628455.508804434 5107332.48549164,628483.973039784 5107328.09028783,628541.505998686 5107344.91521175,628564.6409283 5107393.33027502,628573.313437288 5107436.00327022,628565.745450727 5107480.82554088,628567.931446194 5107513.24463285,628570.117441662 5107545.66372482,628527.463078803 5107528.34005757,628535.631409005 5107541.63601286,628525.622820929 5107584.38789918,628517.033683202 5107619.44120214,628494.674427173 5107662.07580582,628438.829405817 5107658.16654247,628444.718828925 5107666.12960282,628430.793598618 5107673.05246745,628456.999330575 5107694.69503607,628478.009022021 5107742.45729907,628436.427989912 5107756.63241015,628413.864858373 5107755.00568151,628419.244565963 5107778.18966911,628425.645898208 5107836.55958605,628395.192586488 5107832.17825191,628364.739274767 5107827.79691778,628329.268462105 5107834.89690526,628288.288657826 5107839.08097514,628266.374051617 5107805.62428397,628238.415830502 5107820.16333216,628210.457609388 5107834.70238035,628206.343584523 5107780.01464919,628174.971561413 5107772.45887081,628164.014213085 5107741.92450583,628165.913843957 5107770.58748049,628133.918144455 5107756.23812343,628105.001644299 5107737.7081175,628089.329738754 5107683.66916789,628077.086342966 5107653.71572324,628044.82653211 5107637.3782653,628037.303618992 5107580.23261868,628049.408458801 5107558.78317562,628042.319846724 5107533.66209582,628033.177714095 5107538.57361196,628012.501408351 5107510.72315123,628035.797755011 5107475.63591552,628009.047540074 5107445.81202818,627987.15906372 5107418.18709253,627972.096743501 5107410.42890112,627919.003118039 5107436.26139311,627863.675695141 5107433.25828768,627839.594153079 5107390.02343381))

OGRFeature(cougarCreek_polygonIgnit_WindowsPerimeters):10
  Fire_Type (String) = Enclave Fire
  Month (Real) = 10
  Day (Real) = 2
  Hour (Real) = 1800
  Elapsed_Mi (Real) = 1080.0000
  POLYGON ((628095.242276593 5107490.96344228,628123.096584665 5107475.6315503,628105.226326836 5107457.7814327,628095.242276593 5107490.96344228))

OGRFeature(cougarCreek_polygonIgnit_WindowsPerimeters):11
  Fire_Type (String) = Expanding Fire
  Month (Real) = 10
  Day (Real) = 2
  Hour (Real) = 2000
  Elapsed_Mi (Real) = 1200.0000
  POLYGON ((627827.887765509 5107391.28724942,627837.413041439 5107362.59909777,627859.902241048 5107331.34814661,627914.266317824 5107342.62750652,627934.679359867 5107314.23414067,627974.249640814 5107298.12266046,627984.217236209 5107277.42336133,628039.701025034 5107260.93100356,628074.937733239 5107247.42278567,628069.267339782 5107194.53050111,628120.924085168 5107207.05299648,628150.659792544 5107215.08040653,628167.841029619 5107216.4155641,628184.218595864 5107192.60103046,628203.591358931 5107146.90887635,628237.813771556 5107167.37632483,628267.466457044 5107192.17330508,628265.625792648 5107230.94853404,628290.296358207 5107254.81894019,628319.567465658 5107293.39524621,628318.022517209 5107294.59994039,628356.690570552 5107307.96012149,628396.169706166 5107325.20147632,628407.09706687 5107327.87145454,628418.644474512 5107323.95341291,628456.714978782 5107325.85676544,628485.697182955 5107321.40729166,628527.08453048 5107312.57200998,628554.738562014 5107337.43273353,628572.489936097 5107366.02253388,628588.784357289 5107395.00367777,628582.118890607 5107440.21579672,628575.057175607 5107484.66329868,628585.446248875 5107519.23716537,628575.962500382 5107568.18179043,628542.952146676 5107550.45911835,628533.922419084 5107590.24703233,628525.250250172 5107627.77576655,628498.307185975 5107678.29600529,628445.941509251 5107674.63170234,628452.939140318 5107676.88064735,628442.108263493 5107674.7221368,628464.694061248 5107692.90644766,628477.146206636 5107722.09443496,628488.439905562 5107753.81974962,628439.229433583 5107772.80980404,628421.903299307 5107767.07736485,628429.909500852 5107780.25971037,628445.499076878 5107817.82014795,628440.423066964 5107855.32320175,628394.370709689 5107855.14862422,628365.398648397 5107841.86561237,628331.369389215 5107848.43901738,628285.244375873 5107855.04784883,628267.058828948 5107825.84356549,628250.386401967 5107863.57858973,628201.469317786 5107867.44096176,628195.791470823 5107821.17971756,628198.713787369 5107794.08126068,628169.800612242 5107786.91503377,628169.641715117 5107786.3316809,628131.888707509 5107773.35900079,628098.427000754 5107748.80364361,628081.281041787 5107692.93878566,628072.683612912 5107668.57540707,628038.253149282 5107647.23799389,628007.296865684 5107596.88623388,628036.128698654 5107560.4564532,628032.067409719 5107544.57687961,628024.834978439 5107552.41741985,627994.896061795 5107543.0758576,627964.957145152 5107533.73429535,628000.520939982 5107499.61025867,628023.219732822 5107479.931269,627999.781589207 5107455.54983302,627977.622887331 5107426.64971136,627970.794860241 5107420.25136447,627917.571951265 5107447.23531591,627887.046318308 5107446.10578903,627856.520685352 5107444.97626214,627842.204225431 5107418.13175578,627827.887765509 5107391.28724942))

OGRFeature(cougarCreek_polygonIgnit_WindowsPerimeters):12
  Fire_Type (String) = Enclave Fire
  Month (Real) = 10
  Day (Real) = 2
  Hour (Real) = 2000
  Elapsed_Mi (Real) = 1200.0000
  POLYGON ((628100.166285965 5107487.32951335,628123.096584665 5107475.6315503,628105.226326836 5107457.7814327,628100.166285965 5107487.32951335))

OGRFeature(cougarCreek_polygonIgnit_WindowsPerimeters):13
  Fire_Type (String) = Enclave Fire
  Month (Real) = 10
  Day (Real) = 2
  Hour (Real) = 2000
  Elapsed_Mi (Real) = 1200.0000
  POLYGON ((628439.334716297 5107674.16939015,628442.098456354 5107674.72018231,628441.864320923 5107674.5257334,628441.620378353 5107674.32933,628439.334716297 5107674.16939015))

OGRFeature(cougarCreek_polygonIgnit_WindowsPerimeters):14
  Fire_Type (String) = Expanding Fire
  Month (Real) = 10
  Day (Real) = 2
  Hour (Real) = 2200
  Elapsed_Mi (Real) = 1320.0000
  POLYGON ((627787.009384806 5107444.44515357,627796.11304891 5107396.06800068,627805.812919103 5107362.06207327,627821.791406216 5107334.74252613,627846.284968503 5107306.30451069,627889.213980037 5107317.94174366,627911.396993077 5107337.18272718,627928.852522203 5107310.40578687,627966.681796853 5107294.09793671,627977.506322992 5107272.68535017,628004.238522482 5107259.411665,628035.874010626 5107255.42686844,628061.700337024 5107246.30085703,628058.245095987 5107188.75128591,628093.584331342 5107185.02098323,628120.496794269 5107199.53567741,628148.558186431 5107204.6574465,628157.698886833 5107208.5165117,628170.612697463 5107188.86033958,628181.890506825 5107159.72143595,628188.040059606 5107123.38857906,628217.608930032 5107135.09363434,628247.177800457 5107146.79868961,628283.021076622 5107187.77786634,628271.649661354 5107230.45355527,628295.482133793 5107251.72049107,628325.318710148 5107291.17050714,628320.326040993 5107289.62428445,628358.14923963 5107305.44821688,628399.523506895 5107320.09137195,628406.948025503 5107322.23030601,628418.698540866 5107318.30033411,628457.762908122 5107319.71157802,628485.376126417 5107315.30602816,628532.879914497 5107301.51466435,628570.883284485 5107333.87729695,628581.547625554 5107365.09501998,628596.538557942 5107396.60644412,628589.963638993 5107444.46578177,628583.288310008 5107487.50071694,628593.989881133 5107521.88849827,628604.421463873 5107560.85371032,628587.459538655 5107610.9106954,628565.954862054 5107586.48779647,628544.450185453 5107562.06489754,628541.597436249 5107595.36304126,628532.865414837 5107635.2265571,628518.407153174 5107663.70936751,628501.374346169 5107693.52028615,628457.185370755 5107689.42473614,628471.724195273 5107691.22206232,628486.463558527 5107722.98957103,628497.940176604 5107753.94036199,628515.879250628 5107798.27302973,628474.158306352 5107787.93127639,628444.126324374 5107787.86209169,628469.473580902 5107825.70069559,628444.905359084 5107866.1607643,628393.777784276 5107867.47462449,628365.364595457 5107854.49251818,628333.401802076 5107860.70160356,628283.42442407 5107867.06617057,628268.200683388 5107833.95372821,628252.293160066 5107870.86019063,628200.958698382 5107869.22766351,628191.818085994 5107824.53523349,628193.812175443 5107807.4650618,628173.22738952 5107823.73070876,628162.865303456 5107821.15858313,628129.355270938 5107788.38992397,628091.361216565 5107762.23796975,628080.881266783 5107733.83240709,628070.401317001 5107705.42684443,628068.342344251 5107682.28634404,628031.252346098 5107661.70618427,627980.084306235 5107661.25101375,627974.907717605 5107603.21330137,628020.67656493 5107566.39192319,627991.327940282 5107583.60672317,627961.979315635 5107600.82152314,627955.893062756 5107569.22253987,627949.806809877 5107537.62355661,627991.53503929 5107495.9540982,628011.366587855 5107484.80171481,627989.920633179 5107468.90924213,627968.254398442 5107435.3278489,627970.326406957 5107429.02606902,627917.868385938 5107456.76030217,627880.090641558 5107501.00952074,627844.312441259 5107461.2727955,627787.009384806 5107444.44515357))

OGRFeature(cougarCreek_polygonIgnit_WindowsPerimeters):15
  Fire_Type (String) = Enclave Fire
  Month (Real) = 10
  Day (Real) = 2
  Hour (Real) = 2200
  Elapsed_Mi (Real) = 1320.0000
  POLYGON ((628101.340050328 5107486.46327287,628123.096584665 5107475.6315503,628105.226326836 5107457.7814327,628101.340050328 5107486.46327287))

OGRFeature(cougarCreek_polygonIgnit_WindowsPerimeters):16
  Fire_Type (String) = Expanding Fire
  Month (Real) = 10
  Day (Real) = 3
  Hour (Real) = 0
  Elapsed_Mi (Real) = 1440.0000
  POLYGON ((627743.624211308 5107433.69574929,627750.425047286 5107395.52227931,627786.795877605 5107362.65438173,627778.439480731 5107331.60637738,627807.023916812 5107305.90982293,627836.881719814 5107283.28747858,627870.878237181 5107290.67063741,627903.091339789 5107299.47305497,627910.295787151 5107319.89739835,627923.760606982 5107306.93650078,627959.839029279 5107290.60132439,627971.255449327 5107269.68409161,628000.617294598 5107254.45944972,628029.173762588 5107241.35265802,628054.527718306 5107246.34624882,628051.63434594 5107187.51605288,628094.341906847 5107180.34534501,628120.630326323 5107193.0041667,628147.153107886 5107195.45876083,628148.10491071 5107201.26558836,628164.440885804 5107186.88938593,628181.890506825 5107159.72143595,628175.136150896 5107114.43414063,628222.498589924 5107119.51686885,628250.145192996 5107140.74238659,628290.87937944 5107183.87174577,628282.050781879 5107231.03174786,628300.14909333 5107248.82631033,628330.663993341 5107289.30457473,628322.788276061 5107285.22488991,628358.889450704 5107304.05349991,628402.156973845 5107315.28548695,628406.540393489 5107317.11217156,628418.685019628 5107313.15046344,628458.666728936 5107314.11228716,628485.039926448 5107309.75568929,628535.613062882 5107296.23215875,628581.040445627 5107331.36830558,628590.254264811 5107365.1884713,628608.605927012 5107399.24177731,628596.911738347 5107448.37875341,628591.326656139 5107490.5611966,628601.063632168 5107522.03047774,628635.965816202 5107570.50630962,628609.421434013 5107598.30003474,628593.49563005 5107634.2823868,628549.669520974 5107613.59381224,628539.868547458 5107642.12174391,628524.970861487 5107672.44126573,628504.860441718 5107707.42415312,628480.19041042 5107700.86977945,628494.354347709 5107723.40719467,628505.671846055 5107754.07416279,628538.919152506 5107785.89104712,628528.475421429 5107836.5685754,628496.561594833 5107815.87121647,628472.44592176 5107798.81091256,628459.048764301 5107794.73463702,628484.968965052 5107833.91697063,628448.468268403 5107876.05899002,628393.428850397 5107878.47255344,628365.183336407 5107865.51176093,628335.144312593 5107871.62565941,628281.044136973 5107877.4556074,628268.200683388 5107833.95372821,628252.293160066 5107870.86019063,628200.958698382 5107869.22766351,628191.818085994 5107824.53523349,628195.470309833 5107818.42505843,628176.817705853 5107835.87832475,628159.069819817 5107832.1646359,628125.939419144 5107801.21546471,628087.393239193 5107774.10731397,628068.950975046 5107751.20486695,628056.249294775 5107717.93169335,628064.648291849 5107694.677366,628024.904427594 5107686.45319363,627988.785614808 5107700.35027822,627942.213376985 5107694.34756897,627929.041778581 5107651.75973957,627923.052709315 5107636.14228969,627918.695339994 5107639.12720168,627902.220277472 5107590.97359813,627920.940724596 5107538.13496509,627942.533189359 5107506.05300019,627984.948281739 5107491.7397816,627992.521768935 5107494.43042354,627980.499812362 5107481.57211093,627962.796964872 5107444.99929781,627933.323226274 5107495.53689066,627916.454437608 5107521.48709517,627877.794261354 5107542.54596618,627849.013352058 5107505.65503528,627838.608012761 5107474.38222876,627804.753408031 5107477.62555844,627746.314800927 5107483.13952396,627743.624211308 5107433.69574929))

OGRFeature(cougarCreek_polygonIgnit_WindowsPerimeters):17
  Fire_Type (String) = Enclave Fire
  Month (Real) = 10
  Day (Real) = 3
  Hour (Real) = 0
  Elapsed_Mi (Real) = 1440.0000
  POLYGON ((628101.340050328 5107486.46327287,628123.096584665 5107475.6315503,628105.226326836 5107457.7814327,628101.340050328 5107486.46327287))

