INFO: Open of `cougarCreek_polygonIgnit_LinuxPerimeters.shp'
      using driver `ESRI Shapefile' successful.

Layer name: cougarCreek_polygonIgnit_LinuxPerimeters
Geometry: Line String
Feature Count: 42
Extent: (627479.000000, 5107059.000000) - (628632.000000, 5108431.000000)
Layer SRS WKT:
(unknown)
Fire_Type: String (64.0)
Month: Real (32.0)
Day: Real (32.0)
Hour: Real (32.0)
Elapsed_Mi: Real (32.4)
OGRFeature(cougarCreek_polygonIgnit_LinuxPerimeters):0
  Fire_Type (String) = Expanding Fire
  Month (Real) = 4
  Day (Real) = 26
  Hour (Real) = 1300
  Elapsed_Mi (Real) = 60.0000
  LINESTRING (628112 5107352,628118 5107317,628157 5107303,628179 5107292,628200 5107275,628236 5107276,628256 5107301,628273 5107323,628299 5107342,628329 5107362,628340 5107390,628344 5107414,628382 5107431,628405 5107474,628374 5107498,628369 5107526,628363 5107554,628357 5107582,628352 5107610,628345 5107637,628339 5107664,628340 5107710,628302 5107692,628297 5107666,628287 5107653,628276 5107639,628264 5107625,628253 5107611,628242 5107598,628231 5107584,628219 5107571,628203 5107566,628197 5107542,628185 5107528,628173 5107511,628161 5107497,628146 5107488,628125 5107475,628135 5107447,628135 5107430,628136 5107414,628127 5107400,628122 5107386,628112 5107372,628112 5107352)

OGRFeature(cougarCreek_polygonIgnit_LinuxPerimeters):1
  Fire_Type (String) = Expanding Fire
  Month (Real) = 4
  Day (Real) = 26
  Hour (Real) = 1400
  Elapsed_Mi (Real) = 120.0000
  LINESTRING (628088 5107384,628103 5107353,628112 5107314,628153 5107299,628174 5107288,628197 5107270,628238 5107272,628260 5107298,628277 5107320,628307 5107335,628345 5107356,628348 5107391,628350 5107412,628403 5107421,628420 5107456,628434 5107497,628380 5107508,628377 5107532,628372 5107561,628366 5107589,628360 5107615,628353 5107642,628347 5107667,628346 5107719,628300 5107701,628293 5107671,628283 5107660,628272 5107645,628261 5107632,628250 5107619,628239 5107606,628227 5107592,628220 5107582,628190 5107596,628192 5107547,628178 5107542,628168 5107518,628157 5107504,628142 5107496,628113 5107482,628128 5107448,628127 5107433,628128 5107419,628121 5107406,628101 5107403,628088 5107384)

OGRFeature(cougarCreek_polygonIgnit_LinuxPerimeters):2
  Fire_Type (String) = Expanding Fire
  Month (Real) = 4
  Day (Real) = 26
  Hour (Real) = 1400
  Elapsed_Mi (Real) = 120.0000
  LINESTRING (628397 5107544,628402 5107538,628410 5107540,628412 5107548,628407 5107555,628399 5107553,628397 5107544)

OGRFeature(cougarCreek_polygonIgnit_LinuxPerimeters):3
  Fire_Type (String) = Expanding Fire
  Month (Real) = 4
  Day (Real) = 26
  Hour (Real) = 1500
  Elapsed_Mi (Real) = 180.0000
  LINESTRING (628079 5107386,628095 5107353,628105 5107312,628149 5107294,628169 5107284,628195 5107266,628240 5107268,628264 5107296,628279 5107318,628310 5107332,628351 5107354,628356 5107394,628354 5107408,628384 5107405,628420 5107408,628449 5107457,628456 5107491,628459 5107532,628418 5107523,628384 5107521,628386 5107538,628380 5107568,628375 5107596,628368 5107621,628360 5107647,628354 5107671,628351 5107728,628297 5107711,628288 5107676,628280 5107666,628269 5107653,628258 5107639,628246 5107626,628236 5107614,628224 5107600,628225 5107594,628183 5107614,628170 5107567,628161 5107578,628149 5107540,628153 5107511,628138 5107505,628113 5107482,628115 5107449,628114 5107437,628121 5107422,628117 5107414,628096 5107411,628079 5107386)

OGRFeature(cougarCreek_polygonIgnit_LinuxPerimeters):4
  Fire_Type (String) = Expanding Fire
  Month (Real) = 4
  Day (Real) = 26
  Hour (Real) = 1500
  Elapsed_Mi (Real) = 180.0000
  LINESTRING (628390 5107547,628400 5107534,628415 5107538,628420 5107555,628409 5107568,628393 5107564,628390 5107547)

OGRFeature(cougarCreek_polygonIgnit_LinuxPerimeters):5
  Fire_Type (String) = Expanding Fire
  Month (Real) = 4
  Day (Real) = 26
  Hour (Real) = 1600
  Elapsed_Mi (Real) = 240.0000
  LINESTRING (628069 5107353,628099 5107309,628145 5107290,628165 5107280,628194 5107262,628241 5107264,628268 5107294,628282 5107315,628313 5107328,628356 5107353,628365 5107398,628356 5107404,628385 5107394,628429 5107401,628460 5107429,628462 5107459,628464 5107495,628464 5107542,628418 5107535,628421 5107536,628428 5107561,628412 5107581,628389 5107576,628383 5107603,628375 5107627,628367 5107652,628361 5107674,628359 5107704,628356 5107736,628325 5107733,628294 5107721,628283 5107681,628277 5107674,628266 5107660,628254 5107647,628243 5107633,628232 5107622,628223 5107608,628184 5107625,628197 5107632,628169 5107668,628119 5107642,628106 5107617,628119 5107590,628135 5107546,628146 5107515,628133 5107512,628113 5107482,628096 5107458,628089 5107436,628114 5107422,628113 5107422,628090 5107418,628070 5107388,628069 5107353)

OGRFeature(cougarCreek_polygonIgnit_LinuxPerimeters):6
  Fire_Type (String) = Expanding Fire
  Month (Real) = 4
  Day (Real) = 26
  Hour (Real) = 1700
  Elapsed_Mi (Real) = 300.0000
  LINESTRING (628039 5107353,628066 5107329,628094 5107306,628141 5107286,628160 5107277,628192 5107258,628243 5107260,628272 5107292,628285 5107313,628315 5107325,628361 5107351,628383 5107391,628386 5107390,628432 5107397,628459 5107412,628485 5107426,628470 5107462,628473 5107499,628469 5107552,628431 5107548,628436 5107566,628410 5107591,628393 5107588,628390 5107609,628382 5107633,628373 5107657,628368 5107678,628367 5107708,628361 5107744,628325 5107743,628290 5107729,628278 5107686,628274 5107681,628262 5107667,628251 5107654,628240 5107641,628229 5107630,628227 5107619,628191 5107635,628217 5107648,628171 5107682,628144 5107669,628117 5107654,628098 5107621,628114 5107590,628121 5107546,628139 5107518,628127 5107519,628113 5107482,628096 5107458,628082 5107436,628096 5107427,628085 5107425,628062 5107392,628039 5107353)

OGRFeature(cougarCreek_polygonIgnit_LinuxPerimeters):7
  Fire_Type (String) = Expanding Fire
  Month (Real) = 4
  Day (Real) = 26
  Hour (Real) = 1800
  Elapsed_Mi (Real) = 360.0000
  LINESTRING (628029 5107355,628060 5107326,628088 5107302,628137 5107283,628156 5107273,628190 5107254,628244 5107257,628276 5107290,628288 5107311,628318 5107321,628366 5107349,628389 5107390,628387 5107386,628435 5107394,628463 5107408,628492 5107428,628478 5107467,628482 5107503,628474 5107560,628433 5107558,628442 5107573,628410 5107601,628398 5107598,628397 5107615,628388 5107639,628379 5107661,628391 5107689,628373 5107711,628366 5107752,628326 5107753,628287 5107737,628274 5107690,628271 5107689,628259 5107675,628248 5107661,628237 5107649,628226 5107636,628211 5107651,628226 5107654,628200 5107675,628174 5107696,628140 5107696,628113 5107665,628091 5107626,628108 5107590,628115 5107546,628125 5107520,628117 5107535,628113 5107482,628096 5107458,628076 5107438,628070 5107430,628080 5107431,628053 5107397,628029 5107355)

OGRFeature(cougarCreek_polygonIgnit_LinuxPerimeters):8
  Fire_Type (String) = Expanding Fire
  Month (Real) = 4
  Day (Real) = 26
  Hour (Real) = 1900
  Elapsed_Mi (Real) = 420.0000
  LINESTRING (627990 5107359,628021 5107337,628053 5107323,628084 5107298,628134 5107279,628144 5107262,628189 5107250,628246 5107253,628280 5107288,628290 5107308,628321 5107318,628371 5107347,628390 5107382,628437 5107390,628466 5107405,628518 5107431,628485 5107472,628489 5107507,628484 5107537,628479 5107567,628436 5107568,628448 5107580,628411 5107609,628401 5107605,628404 5107620,628394 5107644,628385 5107663,628411 5107699,628379 5107716,628370 5107759,628326 5107763,628283 5107744,628269 5107695,628268 5107696,628256 5107682,628245 5107667,628235 5107655,628229 5107646,628229 5107658,628233 5107660,628206 5107685,628178 5107709,628137 5107719,628109 5107675,628073 5107638,628103 5107591,628109 5107547,628114 5107523,628110 5107539,628113 5107482,628096 5107458,628071 5107444,628064 5107429,628074 5107436,628047 5107402,628022 5107381,627990 5107359)

OGRFeature(cougarCreek_polygonIgnit_LinuxPerimeters):9
  Fire_Type (String) = Expanding Fire
  Month (Real) = 4
  Day (Real) = 27
  Hour (Real) = 1300
  Elapsed_Mi (Real) = 1500.0000
  LINESTRING (627949 5107364,627976 5107343,628002 5107322,628047 5107319,628078 5107294,628129 5107275,628140 5107258,628188 5107245,628247 5107249,628284 5107286,628293 5107306,628323 5107315,628349 5107330,628375 5107344,628394 5107379,628440 5107386,628470 5107401,628497 5107416,628525 5107433,628492 5107478,628496 5107511,628491 5107542,628483 5107576,628439 5107578,628454 5107589,628414 5107620,628405 5107611,628411 5107625,628400 5107650,628391 5107664,628417 5107702,628384 5107723,628375 5107767,628326 5107773,628280 5107752,628259 5107705,628262 5107713,628252 5107689,628242 5107675,628240 5107669,628212 5107696,628183 5107722,628135 5107731,628105 5107684,628067 5107641,628097 5107590,628102 5107549,628107 5107525,628103 5107541,628113 5107482,628096 5107458,628066 5107452,628059 5107431,628041 5107408,628014 5107387,627986 5107377,627949 5107364)

OGRFeature(cougarCreek_polygonIgnit_LinuxPerimeters):10
  Fire_Type (String) = Expanding Fire
  Month (Real) = 4
  Day (Real) = 27
  Hour (Real) = 1400
  Elapsed_Mi (Real) = 1560.0000
  LINESTRING (627917 5107381,627933 5107355,627948 5107328,627997 5107317,628042 5107314,628073 5107290,628124 5107271,628135 5107254,628186 5107241,628218 5107241,628249 5107245,628288 5107284,628296 5107303,628326 5107311,628352 5107326,628381 5107342,628398 5107376,628442 5107382,628474 5107398,628501 5107413,628532 5107437,628499 5107484,628503 5107514,628498 5107546,628487 5107586,628442 5107590,628461 5107597,628418 5107630,628418 5107630,628406 5107657,628397 5107665,628424 5107706,628389 5107729,628380 5107775,628326 5107783,628277 5107762,628245 5107733,628244 5107738,628238 5107727,628243 5107729,628248 5107695,628240 5107684,628221 5107710,628187 5107736,628134 5107744,628101 5107694,628081 5107670,628061 5107645,628074 5107617,628090 5107591,628096 5107550,628098 5107535,628096 5107543,628100 5107526,628098 5107535,628113 5107482,628096 5107458,628061 5107459,628053 5107435,628035 5107414,628007 5107393,627980 5107384,627949 5107382,627917 5107381)

OGRFeature(cougarCreek_polygonIgnit_LinuxPerimeters):11
  Fire_Type (String) = Expanding Fire
  Month (Real) = 4
  Day (Real) = 27
  Hour (Real) = 1500
  Elapsed_Mi (Real) = 1620.0000
  LINESTRING (627885 5107392,627927 5107353,627943 5107325,627994 5107311,628037 5107309,628067 5107285,628119 5107267,628131 5107250,628184 5107237,628217 5107225,628251 5107242,628292 5107282,628299 5107300,628328 5107307,628355 5107323,628386 5107340,628403 5107373,628445 5107378,628481 5107391,628505 5107410,628539 5107440,628522 5107465,628505 5107490,628510 5107517,628504 5107551,628491 5107595,628445 5107602,628467 5107606,628424 5107639,628412 5107665,628404 5107665,628435 5107713,628395 5107736,628384 5107782,628327 5107794,628274 5107783,628241 5107755,628240 5107748,628236 5107739,628191 5107751,628133 5107756,628114 5107729,628096 5107704,628077 5107680,628056 5107649,628056 5107614,628074 5107592,628086 5107552,628088 5107541,628086 5107545,628088 5107539,628088 5107541,628093 5107527,628088 5107536,628113 5107482,628096 5107458,628057 5107468,628047 5107440,628029 5107421,628000 5107399,627976 5107391,627938 5107403,627885 5107392)

OGRFeature(cougarCreek_polygonIgnit_LinuxPerimeters):12
  Fire_Type (String) = Expanding Fire
  Month (Real) = 4
  Day (Real) = 27
  Hour (Real) = 1600
  Elapsed_Mi (Real) = 1680.0000
  LINESTRING (627860 5107393,627891 5107372,627922 5107351,627940 5107321,627990 5107306,628033 5107304,628062 5107281,628113 5107262,628127 5107246,628180 5107231,628217 5107209,628253 5107238,628296 5107280,628301 5107296,628330 5107304,628358 5107320,628391 5107338,628407 5107370,628447 5107374,628496 5107376,628510 5107407,628545 5107440,628528 5107472,628512 5107494,628516 5107520,628511 5107556,628495 5107604,628448 5107613,628474 5107614,628429 5107648,628417 5107673,628410 5107665,628435 5107696,628459 5107727,628430 5107735,628400 5107743,628389 5107790,628358 5107797,628327 5107804,628273 5107795,628237 5107766,628233 5107755,628239 5107753,628193 5107766,628163 5107767,628133 5107769,628110 5107737,628092 5107714,628073 5107689,628050 5107654,628043 5107616,628058 5107592,628068 5107554,628068 5107550,628066 5107551,628069 5107540,628069 5107542,628074 5107532,628070 5107536,628091 5107509,628113 5107482,628096 5107458,628053 5107477,628041 5107444,628024 5107427,627995 5107406,627973 5107398,627931 5107418,627895 5107405,627860 5107393)

OGRFeature(cougarCreek_polygonIgnit_LinuxPerimeters):13
  Fire_Type (String) = Expanding Fire
  Month (Real) = 4
  Day (Real) = 27
  Hour (Real) = 1700
  Elapsed_Mi (Real) = 1740.0000
  LINESTRING (627829 5107399,627852 5107378,627876 5107358,627918 5107349,627936 5107319,627987 5107301,628016 5107287,628054 5107274,628108 5107258,628119 5107238,628175 5107226,628217 5107193,628256 5107235,628278 5107257,628300 5107278,628304 5107293,628332 5107300,628361 5107317,628399 5107335,628411 5107367,628448 5107369,628508 5107365,628515 5107406,628551 5107441,628533 5107479,628518 5107499,628522 5107522,628517 5107560,628499 5107613,628452 5107625,628487 5107632,628433 5107656,628424 5107675,628439 5107695,628467 5107733,628432 5107745,628405 5107749,628394 5107797,628360 5107807,628328 5107814,628273 5107804,628224 5107796,628225 5107776,628196 5107778,628165 5107779,628131 5107780,628106 5107745,628084 5107733,628069 5107698,628045 5107659,628024 5107623,628038 5107593,628053 5107558,628051 5107555,628054 5107542,628055 5107540,628058 5107536,628057 5107533,628086 5107507,628113 5107482,628096 5107458,628050 5107486,628036 5107449,628019 5107433,627990 5107412,627972 5107404,627926 5107431,627884 5107419,627829 5107399)

OGRFeature(cougarCreek_polygonIgnit_LinuxPerimeters):14
  Fire_Type (String) = Expanding Fire
  Month (Real) = 4
  Day (Real) = 27
  Hour (Real) = 1800
  Elapsed_Mi (Real) = 1800.0000
  LINESTRING (627797 5107411,627822 5107393,627847 5107375,627865 5107344,627915 5107346,627932 5107316,627982 5107297,628003 5107274,628051 5107270,628103 5107254,628098 5107220,628138 5107222,628170 5107221,628192 5107201,628216 5107176,628241 5107205,628259 5107233,628281 5107254,628304 5107276,628307 5107291,628334 5107297,628364 5107313,628404 5107333,628418 5107361,628449 5107365,628480 5107360,628512 5107362,628536 5107402,628557 5107442,628539 5107485,628524 5107503,628528 5107525,628522 5107564,628513 5107593,628503 5107622,628460 5107636,628492 5107637,628464 5107653,628437 5107665,628430 5107677,628444 5107693,628475 5107738,628434 5107755,628410 5107756,628401 5107806,628362 5107816,628328 5107823,628273 5107814,628223 5107807,628217 5107809,628196 5107790,628166 5107790,628130 5107791,628103 5107754,628078 5107753,628060 5107714,628041 5107665,627991 5107637,628006 5107594,628045 5107558,628042 5107558,628046 5107543,628049 5107539,628050 5107537,628051 5107531,628081 5107505,628113 5107482,628096 5107458,628071 5107480,628046 5107502,628030 5107453,628014 5107438,627985 5107418,627971 5107410,627925 5107437,627872 5107437,627834 5107430,627797 5107411)

OGRFeature(cougarCreek_polygonIgnit_LinuxPerimeters):15
  Fire_Type (String) = Expanding Fire
  Month (Real) = 4
  Day (Real) = 27
  Hour (Real) = 1900
  Elapsed_Mi (Real) = 1860.0000
  LINESTRING (627764 5107426,627800 5107378,627841 5107373,627855 5107330,627913 5107343,627928 5107313,627977 5107294,628000 5107270,628049 5107266,628096 5107252,628078 5107208,628136 5107216,628166 5107215,628187 5107198,628212 5107158,628254 5107197,628262 5107231,628284 5107252,628307 5107275,628309 5107288,628335 5107294,628366 5107310,628407 5107330,628434 5107349,628450 5107349,628483 5107343,628517 5107358,628555 5107399,628563 5107444,628544 5107491,628530 5107508,628534 5107528,628527 5107568,628518 5107598,628507 5107631,628468 5107650,628498 5107640,628467 5107663,628440 5107674,628435 5107678,628449 5107692,628465 5107718,628482 5107743,628436 5107765,628415 5107762,628413 5107792,628412 5107822,628364 5107825,628329 5107831,628300 5107846,628272 5107861,628247 5107843,628221 5107825,628213 5107826,628195 5107801,628170 5107822,628128 5107801,628101 5107763,628074 5107769,628049 5107729,628038 5107672,627994 5107677,627954 5107658,627958 5107625,627965 5107593,628005 5107575,628035 5107558,628039 5107543,628042 5107538,628043 5107537,628046 5107529,628076 5107502,628113 5107482,628096 5107458,628078 5107497,628035 5107523,628018 5107495,628024 5107457,628009 5107444,627980 5107424,627970 5107416,627925 5107444,627870 5107445,627824 5107444,627794 5107435,627764 5107426)

OGRFeature(cougarCreek_polygonIgnit_LinuxPerimeters):16
  Fire_Type (String) = Expanding Fire
  Month (Real) = 4
  Day (Real) = 27
  Hour (Real) = 1900
  Elapsed_Mi (Real) = 1860.0000
  LINESTRING (627994 5107756,627996 5107755,627998 5107756,627997 5107757,627996 5107758,627995 5107758,627994 5107756)

OGRFeature(cougarCreek_polygonIgnit_LinuxPerimeters):17
  Fire_Type (String) = Expanding Fire
  Month (Real) = 4
  Day (Real) = 28
  Hour (Real) = 1300
  Elapsed_Mi (Real) = 2940.0000
  LINESTRING (627729 5107442,627751 5107395,627784 5107362,627836 5107369,627836 5107319,627886 5107322,627910 5107339,627924 5107311,627971 5107290,627997 5107266,628047 5107262,628079 5107250,628062 5107205,628104 5107206,628134 5107209,628160 5107209,628179 5107195,628202 5107141,628241 5107163,628269 5107192,628266 5107230,628288 5107249,628310 5107274,628312 5107285,628338 5107291,628369 5107307,628410 5107327,628444 5107335,628451 5107335,628486 5107336,628533 5107345,628555 5107371,628576 5107398,628569 5107448,628565 5107478,628562 5107509,628536 5107513,628540 5107531,628533 5107571,628523 5107602,628512 5107641,628505 5107644,628470 5107673,628444 5107683,628454 5107691,628472 5107717,628488 5107752,628438 5107776,628421 5107769,628430 5107800,628421 5107844,628365 5107834,628331 5107840,628308 5107863,628272 5107889,628267 5107944,628239 5107992,628191 5107967,628157 5107923,628154 5107892,628152 5107860,628173 5107834,628192 5107809,628171 5107832,628125 5107811,628100 5107773,628073 5107780,628036 5107748,628032 5107711,628037 5107681,627982 5107703,627955 5107688,627928 5107673,627923 5107631,627931 5107582,627960 5107570,627989 5107559,628029 5107554,628031 5107544,628035 5107536,628035 5107537,628038 5107529,628032 5107533,627998 5107506,628015 5107460,628003 5107450,627975 5107432,627970 5107423,627924 5107451,627868 5107454,627815 5107472,627776 5107467,627729 5107442)

OGRFeature(11a-cougarCreekFire_Perimeters):18
  Fire_Type (String) = Expanding Fire
  Month (Real) = 4
  Day (Real) = 28
  Hour (Real) = 1300
  Elapsed_Mi (Real) = 2940.0000
  LINESTRING (627985 5107759,627986 5107758,627979 5107757,627973 5107743,627982 5107730,627996 5107732,627999 5107739,628024 5107763,628005 5107772,627999 5107774,627992 5107771,627985 5107759)

OGRFeature(cougarCreek_polygonIgnit_LinuxPerimeters):19
  Fire_Type (String) = Expanding Fire
  Month (Real) = 4
  Day (Real) = 28
  Hour (Real) = 1300
  Elapsed_Mi (Real) = 2940.0000
  LINESTRING (627801 5107501,627814 5107487,627827 5107494,627830 5107505,627824 5107521,627806 5107520,627801 5107501)

OGRFeature(cougarCreek_polygonIgnit_LinuxPerimeters):20
  Fire_Type (String) = Expanding Fire
  Month (Real) = 4
  Day (Real) = 28
  Hour (Real) = 1400
  Elapsed_Mi (Real) = 3000.0000
  LINESTRING (627696 5107461,627710 5107421,627726 5107387,627752 5107370,627778 5107353,627829 5107366,627809 5107315,627857 5107305,627893 5107307,627908 5107332,627920 5107308,627966 5107287,627993 5107262,628045 5107258,628060 5107250,628057 5107204,628103 5107200,628131 5107201,628155 5107202,628169 5107191,628157 5107168,628194 5107125,628246 5107153,628278 5107190,628270 5107229,628291 5107247,628312 5107272,628314 5107282,628340 5107288,628371 5107304,628413 5107323,628446 5107331,628452 5107331,628488 5107331,628546 5107331,628570 5107365,628597 5107401,628575 5107451,628572 5107481,628576 5107529,628538 5107522,628547 5107534,628538 5107575,628529 5107606,628518 5107647,628508 5107654,628473 5107681,628448 5107691,628458 5107689,628478 5107717,628500 5107766,628469 5107776,628440 5107787,628428 5107774,628446 5107808,628427 5107857,628394 5107854,628365 5107844,628335 5107848,628312 5107871,628272 5107889,628297 5107931,628289 5107957,628289 5107992,628288 5108027,628269 5108054,628250 5108082,628205 5108051,628166 5108049,628138 5108015,628120 5107973,628114 5107925,628119 5107865,628166 5107838,628121 5107826,628098 5107783,628073 5107794,628042 5107782,628016 5107808,627999 5107790,627988 5107785,627980 5107772,627976 5107771,627948 5107755,627977 5107723,628007 5107720,628020 5107735,628025 5107742,628026 5107714,628038 5107692,627983 5107714,627946 5107704,627907 5107684,627896 5107639,627897 5107609,627899 5107578,627940 5107552,627976 5107539,628026 5107550,628022 5107545,628025 5107542,627989 5107511,628006 5107463,627998 5107459,627969 5107440,627970 5107430,627924 5107460,627897 5107472,627870 5107485,627832 5107495,627836 5107509,627829 5107537,627796 5107541,627777 5107507,627788 5107495,627766 5107491,627748 5107488,627749 5107498,627739 5107507,627727 5107501,627726 5107488,627730 5107484,627696 5107461)

OGRFeature(cougarCreek_polygonIgnit_LinuxPerimeters):21
  Fire_Type (String) = Expanding Fire
  Month (Real) = 4
  Day (Real) = 28
  Hour (Real) = 1500
  Elapsed_Mi (Real) = 3060.0000
  LINESTRING (627644 5107488,627657 5107454,627672 5107425,627703 5107379,627739 5107360,627775 5107343,627809 5107363,627774 5107323,627817 5107298,627854 5107288,627903 5107294,627912 5107317,627916 5107305,627962 5107284,627990 5107258,628043 5107253,628053 5107251,628052 5107202,628100 5107194,628128 5107194,628150 5107194,628159 5107194,628122 5107177,628160 5107142,628190 5107108,628226 5107125,628248 5107148,628282 5107188,628275 5107229,628302 5107239,628315 5107271,628316 5107279,628343 5107285,628373 5107302,628415 5107319,628448 5107327,628453 5107326,628489 5107327,628520 5107320,628555 5107323,628576 5107364,628612 5107405,628580 5107456,628578 5107483,628581 5107536,628540 5107531,628570 5107542,628544 5107580,628534 5107611,628523 5107654,628512 5107664,628475 5107690,628464 5107690,628484 5107716,628502 5107747,628524 5107794,628471 5107787,628452 5107803,628458 5107815,628430 5107865,628393 5107863,628366 5107853,628345 5107877,628316 5107881,628272 5107889,628308 5107932,628311 5107968,628300 5107998,628288 5108027,628278 5108073,628248 5108112,628225 5108088,628194 5108128,628155 5108092,628105 5108079,628070 5108034,628066 5107998,628058 5107965,628069 5107937,628081 5107909,628110 5107861,628160 5107840,628114 5107851,628105 5107823,628096 5107794,628076 5107812,628050 5107810,628021 5107853,627996 5107808,627984 5107802,627975 5107785,627975 5107787,627935 5107763,627972 5107722,627943 5107717,627886 5107698,627871 5107646,627873 5107614,627877 5107573,627921 5107537,627972 5107525,628017 5107544,627980 5107516,627997 5107465,627992 5107472,627963 5107447,627952 5107463,627936 5107500,627904 5107518,627870 5107525,627833 5107505,627843 5107512,627832 5107545,627790 5107557,627764 5107526,627736 5107546,627701 5107532,627708 5107544,627715 5107546,627718 5107555,627715 5107558,627716 5107560,627714 5107562,627715 5107569,627708 5107575,627706 5107574,627699 5107583,627674 5107584,627659 5107563,627667 5107532,627701 5107531,627696 5107529,627694 5107511,627644 5107488)

OGRFeature(cougarCreek_polygonIgnit_LinuxPerimeters):22
  Fire_Type (String) = Expanding Fire
  Month (Real) = 4
  Day (Real) = 28
  Hour (Real) = 1500
  Elapsed_Mi (Real) = 3060.0000
  LINESTRING (628338 5107949,628340 5107947,628342 5107948,628343 5107950,628341 5107952,628339 5107952,628338 5107949)

OGRFeature(cougarCreek_polygonIgnit_LinuxPerimeters):23
  Fire_Type (String) = Expanding Fire
  Month (Real) = 4
  Day (Real) = 28
  Hour (Real) = 1500
  Elapsed_Mi (Real) = 3060.0000
  LINESTRING (627762 5107562,627763 5107560,627764 5107560,627765 5107562,627765 5107564,627763 5107564,627762 5107562)

OGRFeature(cougarCreek_polygonIgnit_LinuxPerimeters):24
  Fire_Type (String) = Expanding Fire
  Month (Real) = 4
  Day (Real) = 28
  Hour (Real) = 1600
  Elapsed_Mi (Real) = 3120.0000
  LINESTRING (627594 5107461,627635 5107419,627662 5107396,627692 5107372,627735 5107356,627763 5107341,627734 5107334,627771 5107302,627803 5107282,627853 5107271,627883 5107275,627912 5107280,627913 5107294,627957 5107280,627987 5107254,628042 5107249,628046 5107253,628047 5107200,628097 5107189,628119 5107187,628102 5107182,628125 5107156,628150 5107138,628184 5107093,628232 5107119,628251 5107144,628287 5107185,628291 5107225,628310 5107234,628319 5107271,628318 5107276,628345 5107282,628375 5107299,628417 5107316,628450 5107323,628453 5107322,628489 5107323,628522 5107304,628568 5107317,628583 5107362,628617 5107406,628601 5107435,628586 5107460,628583 5107486,628586 5107542,628543 5107538,628581 5107545,628558 5107595,628540 5107616,628529 5107660,628515 5107674,628478 5107700,628469 5107689,628490 5107715,628508 5107747,628533 5107776,628540 5107825,628500 5107804,628472 5107796,628460 5107811,628468 5107825,628434 5107873,628393 5107872,628368 5107862,628348 5107884,628318 5107900,628272 5107889,628314 5107931,628317 5107971,628300 5107998,628288 5108027,628278 5108073,628248 5108112,628225 5108088,628242 5108130,628242 5108183,628187 5108197,628147 5108160,628153 5108124,628155 5108092,628130 5108126,628111 5108152,628093 5108178,628078 5108138,628069 5108098,628032 5108081,628029 5108031,628023 5107988,628026 5107956,628017 5107967,627970 5107962,627968 5107919,627978 5107875,627989 5107819,627981 5107819,627970 5107823,627965 5107828,627944 5107802,627926 5107768,627945 5107745,627964 5107722,627941 5107736,627904 5107728,627866 5107716,627854 5107683,627844 5107653,627850 5107617,627854 5107570,627884 5107549,627864 5107545,627846 5107521,627837 5107558,627786 5107577,627775 5107569,627770 5107581,627755 5107583,627747 5107570,627751 5107562,627738 5107570,627736 5107573,627736 5107575,627736 5107576,627735 5107595,627718 5107613,627711 5107614,627694 5107619,627656 5107630,627662 5107647,627647 5107665,627623 5107664,627615 5107642,627632 5107624,627636 5107624,627608 5107591,627625 5107541,627601 5107541,627612 5107494,627594 5107461)

OGRFeature(cougarCreek_polygonIgnit_LinuxPerimeters):25
  Fire_Type (String) = Expanding Fire
  Month (Real) = 4
  Day (Real) = 28
  Hour (Real) = 1600
  Elapsed_Mi (Real) = 3120.0000
  LINESTRING (628332 5107950,628338 5107943,628346 5107946,628349 5107954,628343 5107960,628335 5107958,628332 5107950)

OGRFeature(cougarCreek_polygonIgnit_LinuxPerimeters):26
  Fire_Type (String) = Expanding Fire
  Month (Real) = 4
  Day (Real) = 28
  Hour (Real) = 1600
  Elapsed_Mi (Real) = 3120.0000
  LINESTRING (627681 5107639,627703 5107629,627719 5107636,627719 5107655,627714 5107659,627714 5107660,627710 5107662,627710 5107662,627704 5107667,627682 5107663,627681 5107639)

OGRFeature(cougarCreek_polygonIgnit_LinuxPerimeters):27
  Fire_Type (String) = Expanding Fire
  Month (Real) = 4
  Day (Real) = 28
  Hour (Real) = 1600
  Elapsed_Mi (Real) = 3120.0000
  LINESTRING (627602 5107627,627602 5107621,627608 5107618,627612 5107621,627611 5107627,627606 5107630,627602 5107627)

OGRFeature(cougarCreek_polygonIgnit_LinuxPerimeters):28
  Fire_Type (String) = Expanding Fire
  Month (Real) = 4
  Day (Real) = 28
  Hour (Real) = 1600
  Elapsed_Mi (Real) = 3120.0000
  LINESTRING (627727 5107645,627727 5107640,627731 5107638,627734 5107640,627734 5107645,627730 5107647,627727 5107645)

OGRFeature(cougarCreek_polygonIgnit_LinuxPerimeters):29
  Fire_Type (String) = Expanding Fire
  Month (Real) = 4
  Day (Real) = 28
  Hour (Real) = 1600
  Elapsed_Mi (Real) = 3120.0000
  LINESTRING (628029 5108126,628030 5108124,628032 5108123,628034 5108125,628033 5108128,628031 5108128,628029 5108126)

OGRFeature(cougarCreek_polygonIgnit_LinuxPerimeters):30
  Fire_Type (String) = Expanding Fire
  Month (Real) = 4
  Day (Real) = 28
  Hour (Real) = 1600
  Elapsed_Mi (Real) = 3120.0000
  LINESTRING (627967 5107899,627968 5107898,627970 5107898,627970 5107900,627969 5107901,627967 5107900,627967 5107899)

OGRFeature(cougarCreek_polygonIgnit_LinuxPerimeters):31
  Fire_Type (String) = Expanding Fire
  Month (Real) = 4
  Day (Real) = 28
  Hour (Real) = 1700
  Elapsed_Mi (Real) = 3180.0000
  LINESTRING (627555 5107485,627562 5107435,627597 5107397,627656 5107393,627682 5107364,627720 5107346,627703 5107350,627724 5107315,627748 5107291,627791 5107266,627821 5107260,627851 5107255,627885 5107264,627917 5107275,627914 5107278,627953 5107277,627984 5107251,628040 5107245,628042 5107198,628090 5107184,628087 5107183,628117 5107151,628141 5107133,628159 5107110,628182 5107085,628211 5107098,628238 5107113,628254 5107140,628294 5107178,628306 5107222,628315 5107232,628322 5107272,628319 5107273,628348 5107279,628376 5107297,628419 5107312,628451 5107319,628454 5107318,628489 5107318,628522 5107299,628578 5107313,628589 5107362,628622 5107406,628605 5107440,628591 5107464,628589 5107488,628591 5107547,628588 5107548,628584 5107581,628573 5107612,628544 5107622,628534 5107666,628518 5107683,628484 5107707,628496 5107714,628513 5107745,628557 5107777,628553 5107812,628545 5107847,628497 5107814,628473 5107804,628466 5107814,628480 5107837,628460 5107862,628438 5107883,628392 5107880,628370 5107870,628352 5107891,628319 5107914,628272 5107889,628299 5107907,628319 5107931,628320 5107947,628337 5107940,628350 5107943,628354 5107958,628344 5107968,628328 5107973,628321 5107964,628322 5107974,628300 5107998,628288 5108027,628278 5108073,628249 5108111,628282 5108143,628253 5108174,628257 5108205,628262 5108236,628235 5108257,628208 5108278,628175 5108236,628129 5108202,628137 5108209,628085 5108229,628065 5108197,628055 5108171,628049 5108192,628037 5108224,628001 5108212,627989 5108164,628003 5108116,628047 5108099,628058 5108136,628058 5108138,628060 5108130,628069 5108098,628027 5108089,628001 5108050,628000 5108005,627965 5108011,627967 5108016,627963 5108022,627955 5108021,627952 5108014,627956 5108008,627958 5108008,627930 5107980,627941 5107928,627945 5107910,627944 5107902,627948 5107899,627953 5107880,627957 5107873,627923 5107840,627918 5107807,627916 5107773,627936 5107746,627901 5107738,627845 5107738,627822 5107692,627816 5107659,627825 5107620,627841 5107573,627815 5107589,627785 5107610,627776 5107594,627780 5107610,627751 5107615,627753 5107616,627740 5107630,627750 5107636,627749 5107665,627732 5107675,627724 5107686,627722 5107688,627716 5107693,627714 5107693,627693 5107704,627652 5107695,627645 5107702,627587 5107702,627575 5107674,627558 5107659,627566 5107617,627568 5107616,627566 5107613,627577 5107582,627587 5107557,627567 5107560,627587 5107521,627612 5107494,627555 5107485)

OGRFeature(cougarCreek_polygonIgnit_LinuxPerimeters):32
  Fire_Type (String) = Expanding Fire
  Month (Real) = 4
  Day (Real) = 28
  Hour (Real) = 1700
  Elapsed_Mi (Real) = 3180.0000
  LINESTRING (628557 5107693,628560 5107689,628564 5107689,628567 5107693,628564 5107697,628560 5107697,628557 5107693)

OGRFeature(cougarCreek_polygonIgnit_LinuxPerimeters):33
  Fire_Type (String) = Expanding Fire
  Month (Real) = 4
  Day (Real) = 28
  Hour (Real) = 1700
  Elapsed_Mi (Real) = 3180.0000
  LINESTRING (628004 5108086,628007 5108077,628015 5108076,628021 5108084,628015 5108087,628010 5108088,628004 5108086)

OGRFeature(cougarCreek_polygonIgnit_LinuxPerimeters):34
  Fire_Type (String) = Expanding Fire
  Month (Real) = 4
  Day (Real) = 28
  Hour (Real) = 1700
  Elapsed_Mi (Real) = 3180.0000
  LINESTRING (627647 5107724,627648 5107715,627656 5107711,627664 5107716,627662 5107725,627654 5107729,627647 5107724)

OGRFeature(cougarCreek_polygonIgnit_LinuxPerimeters):35
  Fire_Type (String) = Expanding Fire
  Month (Real) = 4
  Day (Real) = 28
  Hour (Real) = 1800
  Elapsed_Mi (Real) = 3240.0000
  LINESTRING (627520 5107512,627533 5107474,627537 5107437,627543 5107407,627580 5107378,627622 5107378,627652 5107389,627664 5107355,627682 5107346,627695 5107312,627726 5107279,627780 5107252,627815 5107245,627853 5107239,627887 5107261,627919 5107271,627914 5107272,627950 5107274,627981 5107247,628036 5107243,628038 5107196,628088 5107180,628083 5107182,628110 5107147,628133 5107129,628150 5107106,628179 5107077,628226 5107079,628245 5107108,628256 5107136,628301 5107170,628312 5107221,628321 5107232,628325 5107272,628350 5107277,628378 5107295,628421 5107308,628453 5107315,628454 5107314,628488 5107314,628523 5107295,628553 5107303,628583 5107311,628596 5107362,628627 5107407,628610 5107445,628596 5107468,628595 5107491,628599 5107520,628611 5107552,628609 5107558,628605 5107595,628579 5107625,628548 5107628,628539 5107672,628521 5107691,628489 5107716,628501 5107713,628517 5107743,628547 5107753,628580 5107777,628574 5107832,628544 5107861,628517 5107843,628494 5107823,628473 5107813,628472 5107814,628489 5107841,628486 5107872,628483 5107903,628439 5107899,628391 5107888,628372 5107878,628355 5107897,628320 5107922,628309 5107908,628324 5107930,628329 5107935,628337 5107936,628354 5107942,628359 5107961,628347 5107975,628328 5107981,628322 5107976,628326 5107980,628300 5107998,628288 5108027,628278 5108073,628249 5108111,628282 5108143,628253 5108174,628257 5108205,628272 5108233,628286 5108260,628246 5108291,628227 5108317,628193 5108358,628150 5108334,628135 5108302,628142 5108272,628114 5108265,628080 5108257,628057 5108226,628043 5108255,627989 5108240,627974 5108209,627965 5108174,627981 5108143,628003 5108116,628029 5108088,628027 5108089,628024 5108087,628015 5108087,628010 5108088,628000 5108090,627996 5108073,627988 5108068,627985 5108024,627985 5108034,627971 5108051,627948 5108048,627932 5108026,627940 5108027,627908 5107999,627916 5107960,627922 5107929,627927 5107928,627912 5107917,627911 5107917,627900 5107883,627897 5107853,627893 5107823,627909 5107773,627930 5107752,627900 5107747,627867 5107760,627823 5107763,627804 5107733,627787 5107703,627789 5107664,627798 5107631,627790 5107640,627782 5107641,627770 5107643,627768 5107643,627763 5107679,627741 5107699,627737 5107708,627729 5107716,627720 5107722,627716 5107724,627681 5107742,627675 5107741,627674 5107749,627639 5107765,627604 5107748,627605 5107740,627595 5107740,627581 5107711,627575 5107674,627528 5107692,627523 5107660,627535 5107625,627535 5107619,627543 5107587,627531 5107579,627548 5107544,627567 5107528,627528 5107547,627520 5107512)

OGRFeature(cougarCreek_polygonIgnit_LinuxPerimeters):36
  Fire_Type (String) = Expanding Fire
  Month (Real) = 4
  Day (Real) = 28
  Hour (Real) = 1800
  Elapsed_Mi (Real) = 3240.0000
  LINESTRING (628541 5107729,628551 5107695,628557 5107686,628567 5107686,628572 5107694,628579 5107729,628541 5107729)

OGRFeature(cougarCreek_polygonIgnit_LinuxPerimeters):37
  Fire_Type (String) = Expanding Fire
  Month (Real) = 4
  Day (Real) = 28
  Hour (Real) = 1800
  Elapsed_Mi (Real) = 3240.0000
  LINESTRING (628200 5108382,628220 5108352,628220 5108349,628222 5108347,628225 5108348,628225 5108348,628235 5108344,628246 5108354,628261 5108398,628226 5108402,628200 5108382)

OGRFeature(cougarCreek_polygonIgnit_LinuxPerimeters):38
  Fire_Type (String) = Expanding Fire
  Month (Real) = 4
  Day (Real) = 28
  Hour (Real) = 1900
  Elapsed_Mi (Real) = 3300.0000
  LINESTRING (627479 5107538,627491 5107509,627503 5107479,627510 5107448,627515 5107401,627544 5107381,627574 5107363,627624 5107361,627647 5107386,627641 5107352,627661 5107341,627672 5107309,627705 5107268,627738 5107252,627770 5107237,627810 5107230,627855 5107229,627889 5107258,627921 5107268,627914 5107268,627948 5107270,627978 5107244,628032 5107241,628034 5107194,628081 5107179,628102 5107143,628124 5107124,628141 5107103,628175 5107071,628207 5107063,628246 5107059,628252 5107106,628259 5107133,628307 5107162,628318 5107220,628328 5107232,628327 5107271,628352 5107274,628379 5107292,628422 5107305,628455 5107311,628455 5107310,628488 5107310,628523 5107291,628555 5107299,628589 5107310,628602 5107361,628632 5107408,628615 5107449,628601 5107472,628601 5107493,628604 5107521,628630 5107551,628629 5107570,628610 5107600,628584 5107640,628552 5107634,628544 5107677,628525 5107699,628506 5107714,628521 5107741,628540 5107740,628535 5107738,628546 5107695,628554 5107683,628569 5107683,628577 5107695,628586 5107729,628594 5107763,628575 5107755,628600 5107776,628599 5107819,628590 5107861,628544 5107880,628512 5107853,628490 5107830,628481 5107819,628494 5107842,628491 5107875,628492 5107905,628494 5107942,628461 5107930,628437 5107911,628390 5107894,628373 5107885,628359 5107904,628324 5107928,628328 5107928,628331 5107931,628340 5107929,628358 5107940,628364 5107964,628349 5107981,628329 5107988,628328 5107987,628300 5107998,628288 5108027,628278 5108073,628249 5108111,628282 5108143,628253 5108174,628257 5108205,628297 5108232,628311 5108285,628297 5108340,628288 5108356,628300 5108361,628285 5108392,628270 5108422,628221 5108431,628177 5108398,628183 5108385,628166 5108374,628140 5108357,628120 5108317,628118 5108306,628109 5108293,628075 5108274,628058 5108256,628046 5108274,628013 5108272,627977 5108272,627946 5108245,627936 5108189,627965 5108139,628003 5108116,628029 5108088,628027 5108089,628024 5108087,628015 5108087,628010 5108088,628000 5108090,627990 5108089,627975 5108086,627975 5108081,627939 5108081,627913 5108047,627926 5108056,627883 5108024,627890 5107993,627897 5107962,627902 5107942,627894 5107936,627881 5107899,627876 5107866,627878 5107827,627902 5107772,627923 5107757,627900 5107757,627869 5107786,627835 5107793,627800 5107798,627769 5107753,627753 5107717,627751 5107720,627748 5107726,627737 5107743,627724 5107755,627716 5107759,627680 5107780,627676 5107787,627632 5107788,627602 5107788,627586 5107788,627592 5107795,627587 5107805,627578 5107805,627574 5107797,627577 5107789,627584 5107788,627572 5107788,627568 5107775,627551 5107763,627566 5107737,627581 5107711,627575 5107674,627552 5107703,627517 5107722,627520 5107691,627523 5107660,627511 5107634,627510 5107624,627515 5107604,627503 5107593,627507 5107582,627479 5107538)

OGRFeature(cougarCreek_polygonIgnit_LinuxPerimeters):39
  Fire_Type (String) = Expanding Fire
  Month (Real) = 4
  Day (Real) = 28
  Hour (Real) = 1900
  Elapsed_Mi (Real) = 3300.0000
  LINESTRING (627668 5107853,627674 5107844,627673 5107842,627675 5107836,627682 5107843,627679 5107852,627668 5107853)

OGRFeature(cougarCreek_polygonIgnit_LinuxPerimeters):40
  Fire_Type (String) = Expanding Fire
  Month (Real) = 4
  Day (Real) = 28
  Hour (Real) = 1900
  Elapsed_Mi (Real) = 3300.0000
  LINESTRING (627977 5108302,627980 5108300,627982 5108301,627983 5108305,627980 5108307,627977 5108306,627977 5108302)

OGRFeature(cougarCreek_polygonIgnit_LinuxPerimeters):41
  Fire_Type (String) = Expanding Fire
  Month (Real) = 4
  Day (Real) = 28
  Hour (Real) = 1900
  Elapsed_Mi (Real) = 3300.0000
  LINESTRING (627671 5107811,627675 5107807,627679 5107809,627680 5107814,627675 5107817,627671 5107816,627671 5107811)

