INFO: Open of `cougarCreek_polygonIgnit_WindowsPerimeters.shp'
      using driver `ESRI Shapefile' successful.

Layer name: cougarCreek_polygonIgnit_WindowsPerimeters
Geometry: Polygon
Feature Count: 18
Extent: (627743.624211, 5107114.434141) - (628635.965816, 5107878.472553)
Layer SRS WKT:
(unknown)
Fire_Type: String (64.0)
Month: Real (32.0)
Day: Real (32.0)
Hour: Real (32.0)
Elapsed_Mi: Real (32.4)
OGRFeature(cougarCreek_polygonIgnit_WindowsPerimeters):0
  Fire_Type (String) = Expanding Fire
  Month (Real) = 10
  Day (Real) = 2
  Hour (Real) = 0
  Elapsed_Mi (Real) = 0.0000
  POLYGON ((628144.768786127213389 5107444.744051204994321,628144.768786127213389 5107427.801957831718028,628144.768786127213389 5107410.859864457510412,628144.768786127213389 5107393.917771084234118,628144.768786127213389 5107376.975677710957825,628144.768786127213389 5107360.033584337681532,628144.768786127213389 5107343.091490963473916,628144.768786127213389 5107326.149397590197623,628167.312138728331774 5107314.854668674990535,628189.85549132945016 5107303.559939758852124,628212.398843930684961 5107292.265210843645036,628234.942196531803347 5107280.970481927506626,628251.849710982642137 5107303.559939758852124,628268.757225433480926 5107326.149397590197623,628285.664739884436131 5107348.738855421543121,628302.57225433527492 5107371.32831325288862,628319.479768786113709 5107393.917771084234118,628336.387283236952499 5107416.507228915579617,628353.294797687907703 5107439.096686746925116,628370.202312138746493 5107461.686144578270614,628364.566473988466896 5107489.922966867685318,628358.9306358381873 5107518.159789156168699,628353.294797687907703 5107546.396611445583403,628347.658959537511691 5107574.633433734998107,628342.023121387232095 5107602.870256024412811,628336.387283236952499 5107631.107078312896192,628330.751445086672902 5107659.343900602310896,628325.115606936393306 5107687.5807228917256,628313.843930635834113 5107673.462311746552587,628302.57225433527492 5107659.343900602310896,628291.300578034715727 5107645.225489458069205,628280.028901734156534 5107631.107078312896192,628268.757225433480926 5107616.988667168654501,628257.485549132921733 5107602.870256024412811,628246.21387283236254 5107588.751844879239798,628234.942196531803347 5107574.633433734998107,628223.670520231244154 5107560.515022590756416,628212.398843930684961 5107546.396611445583403,628201.127167630009353 5107532.278200301341712,628189.85549132945016 5107518.159789156168699,628178.583815028890967 5107504.041378011927009,628167.312138728331774 5107489.922966867685318,628156.040462427772582 5107475.804555722512305,628144.768786127213389 5107461.686144578270614,628144.768786127213389 5107444.744051204994321))

OGRFeature(cougarCreek_polygonIgnit_WindowsPerimeters):1
  Fire_Type (String) = Expanding Fire
  Month (Real) = 10
  Day (Real) = 2
  Hour (Real) = 200
  Elapsed_Mi (Real) = 120.0000
  POLYGON ((628111.668521865038201 5107376.118345972150564,628113.80489190958906 5107351.451945825479925,628120.028264239896089 5107317.672746850177646,628156.795260757906362 5107302.988720688037574,628179.169019177788869 5107291.769473931752145,628201.546533820102923 5107275.814967568963766,628236.635392063413747 5107276.640676853246987,628256.317913635633886 5107301.300782527774572,628273.199906294583343 5107323.714358674362302,628297.228384981513955 5107342.310143542475998,628331.04117562493775 5107360.218358984217048,628341.940903656417504 5107391.245016187429428,628343.944944813498296 5107414.732562246732414,628387.51030265679583 5107428.572057309560478,628413.27425542101264 5107481.466107355430722,628373.337879513390362 5107499.440141965635121,628369.159488102653995 5107525.980372686870396,628363.22740162757691 5107554.168835889548063,628357.501266722683795 5107582.180450185202062,628351.709779430762865 5107609.980577172711492,628345.46994739130605 5107637.161177514120936,628339.44698530936148 5107663.517203369177878,628343.354604211752303 5107713.113017538562417,628302.132445866940543 5107694.95433762576431,628297.627532813115977 5107665.56953854393214,628287.359132065670565 5107653.186565808020532,628276.119389117811806 5107638.851608652621508,628264.947479380993173 5107625.021446491591632,628253.630626594647765 5107611.383265416137874,628242.393806385225616 5107597.868933733552694,628231.204673574422486 5107584.150636157020926,628221.685603482299484 5107572.113896490074694,628196.711185985128395 5107580.987432190217078,628196.392278801533394 5107540.676501349546015,628185.902775266091339 5107527.910279710777104,628173.196074080653489 5107511.501565029844642,628162.25393107382115 5107497.727137047797441,628144.943174852058291 5107490.746970812790096,628127.525205052108504 5107473.197873929515481,628136.502042180858552 5107446.874766399152577,628136.461227891268209 5107430.555710477754474,628136.733241894282401 5107414.448781110346317,628130.829779210500419 5107400.003778618760407,628125.256377937272191 5107387.055549203418195,628111.668521865038201 5107376.118345972150564))

OGRFeature(cougarCreek_polygonIgnit_WindowsPerimeters):2
  Fire_Type (String) = Expanding Fire
  Month (Real) = 10
  Day (Real) = 2
  Hour (Real) = 400
  Elapsed_Mi (Real) = 240.0000
  POLYGON ((628085.44400424498599 5107389.4313805680722,628103.821556281065568 5107352.339721796102822,628112.103690221207216 5107314.721705131232738,628152.173998812446371 5107298.089977143332362,628173.972394573735073 5107287.485922557301819,628199.252947766683064 5107271.046117600984871,628238.621418987051584 5107272.381431321613491,628260.795074102585204 5107298.955871596001089,628275.789306608494371 5107321.77664886508137,628303.630883376463316 5107335.159480751492083,628342.012000610819086 5107355.770989259704947,628350.652590327314101 5107393.712233279831707,628349.043354556430131 5107410.776381127536297,628380.240542975720018 5107411.144045266322792,628411.43773139489349 5107411.511709405109286,628440.889570091385394 5107460.079003101214767,628441.636989456019364 5107516.46952436119318,628410.348323303624056 5107515.086602872237563,628379.059657151112333 5107513.703681382350624,628379.180159134790301 5107533.423316479660571,628373.127996415947564 5107562.220940842293203,628367.460407010628842 5107589.884774541482329,628360.952642137301154 5107616.358343896456063,628353.983135468442924 5107642.958999748341739,628348.196738194907084 5107667.545488118194044,628350.060632541659288 5107723.808164855465293,628298.681430430267937 5107705.72596010286361,628291.891813733032905 5107671.177281588315964,628283.389129905146547 5107661.397827371954918,628272.089042071020231 5107647.075437538325787,628261.081070151180029 5107633.271037822589278,628249.866307585733011 5107619.75189936067909,628238.718789709615521 5107607.500540629960597,628227.004850105964579 5107593.110300124622881,628227.649470177013427 5107586.565949594601989,628188.12380546471104 5107603.811508576385677,628190.13168065820355 5107546.061760058626533,628167.268341692746617 5107565.079789035022259,628167.106152836699039 5107518.112111174501479,628158.245235001551919 5107506.768984884954989,628139.17818457481917 5107499.869009898044169,628123.096584665006958 5107475.631550296209753,628128.26969989144709 5107448.0546032236889,628128.053081739111803 5107433.271896688267589,628128.631103052408434 5107418.538914255797863,628124.282105254707858 5107407.155723826959729,628111.954938527196646 5107405.808111014775932,628085.44400424498599 5107389.4313805680722))

OGRFeature(cougarCreek_polygonIgnit_WindowsPerimeters):3
  Fire_Type (String) = Expanding Fire
  Month (Real) = 10
  Day (Real) = 2
  Hour (Real) = 600
  Elapsed_Mi (Real) = 360.0000
  POLYGON ((628074.279638231848367 5107393.393971142359078,628093.70630139997229 5107352.571216584183276,628103.93466838193126 5107311.657859915867448,628147.122808881336823 5107292.868776662275195,628168.899945687036961 5107283.034921115264297,628197.101331058423966 5107266.173488270491362,628240.588750304770656 5107268.045233426615596,628265.459158801473677 5107296.750255031511188,628276.999462148174644 5107320.868188900873065,628304.424426386249252 5107333.970450008288026,628347.988833851763047 5107353.642237552441657,628359.566376061178744 5107396.641455566510558,628351.80526030564215 5107405.993487308733165,628381.172800416010432 5107391.899022305384278,628429.215998840518296 5107396.685275444760919,628463.11446499300655 5107430.331900582648814,628467.880093723069876 5107464.604907474480569,628468.56478704418987 5107502.652941338717937,628459.863506305147894 5107549.551847903057933,628409.164542085840367 5107530.856779577210546,628384.075871602981351 5107529.189945165067911,628389.642625691369176 5107540.15882305148989,628383.30637602310162 5107570.623728338629007,628377.291188256931491 5107598.002708831802011,628370.124986430630088 5107623.280728420242667,628362.729938430595212 5107649.129990002140403,628357.134299198631197 5107671.468781425617635,628357.493343055597506 5107702.217867029830813,628356.595483157667331 5107734.57063549477607,628325.446020411327481 5107735.286088009364903,628295.19551890832372 5107717.261832924559712,628285.792798737995327 5107677.227869383990765,628279.299339119694196 5107670.131194439716637,628267.922619992867112 5107655.672820187173784,628257.022773117641918 5107641.849467931315303,628246.123706062091514 5107628.564214324578643,628234.81256213132292 5107617.244121224619448,628228.29530396964401 5107604.467296998016536,628186.689130638958886 5107632.513552426360548,628183.845965260174125 5107583.96420294046402,628160.824434414389543 5107578.336453006602824,628141.531276190420613 5107533.078214025124907,628152.399108694517054 5107514.690638907253742,628132.234100906876847 5107508.429676092229784,628123.096584665006958 5107475.631550296209753,628105.226326835923828 5107457.781432701274753,628104.937661758740433 5107438.889529778622091,628119.964853193843737 5107421.68367070145905,628118.294307864154689 5107416.262352637946606,628106.854464317904785 5107415.453878223896027,628074.279638231848367 5107393.393971142359078))

OGRFeature(cougarCreek_polygonIgnit_WindowsPerimeters):4
  Fire_Type (String) = Expanding Fire
  Month (Real) = 10
  Day (Real) = 2
  Hour (Real) = 800
  Elapsed_Mi (Real) = 480.0000
  POLYGON ((628054.296529801678844 5107352.390423665754497,628075.142797010834329 5107330.039182773791254,628095.989064219873399 5107307.687941880896688,628141.759324564482085 5107287.330445143394172,628163.369218348292634 5107277.840213509276509,628194.899198009981774 5107260.766362099908292,628242.736136282794178 5107263.250486216507852,628270.77601116115693 5107294.565088479779661,628278.490353109780699 5107319.929550526663661,628305.773016098653898 5107331.859272289089859,628354.080348113086075 5107351.081969660706818,628367.965557037503459 5107396.413484670221806,628381.206607012893073 5107386.636168716475368,628432.985792211256921 5107391.816057413816452,628459.586124523193575 5107409.135562903247774,628503.848836322780699 5107430.440105109475553,628478.571603355230764 5107470.311137872748077,628479.866191136767156 5107509.846436853520572,628463.935537311714143 5107562.355616321787238,628407.277880920562893 5107546.957953722216189,628400.183406471274793 5107546.575242586433887,628393.94536842557136 5107579.38287933729589,628387.550138418795541 5107606.88595007173717,628379.325495383585803 5107630.896151258610189,628371.441721004317515 5107655.569839579984546,628366.160770525573753 5107675.640666097402573,628367.360098938108422 5107706.412731112912297,628363.82997252617497 5107744.243822546675801,628325.932349685579538 5107748.817997961305082,628290.102823175839148 5107727.144724963232875,628279.637865405064076 5107683.170442036353052,628275.115843222360127 5107679.620626218616962,628263.684195349807851 5107664.233723509125412,628252.879379539284855 5107650.528738318011165,628242.477702753152698 5107638.098735272884369,628230.127618729718961 5107625.743553548119962,628216.846466755145229 5107641.850131280720234,628188.086769956047647 5107663.143783062696457,628179.001250775298104 5107619.185837306082249,628180.611632325104438 5107590.717749355360866,628158.916629930376075 5107586.655864833854139,628123.652548358193599 5107545.55619659461081,628138.884604578022845 5107522.858659160323441,628123.975366571801715 5107515.949089590460062,628123.096584665006958 5107475.631550296209753,628105.226326835923828 5107457.781432701274753,628081.467249987763353 5107439.395470559597015,628111.65735535568092 5107419.380742501467466,628101.364079250022769 5107425.359040198847651,628063.631408669636585 5107399.380757850594819,628054.296529801678844 5107352.390423665754497))

OGRFeature(cougarCreek_polygonIgnit_WindowsPerimeters):5
  Fire_Type (String) = Expanding Fire
  Month (Real) = 10
  Day (Real) = 2
  Hour (Real) = 1000
  Elapsed_Mi (Real) = 600.0000
  POLYGON ((628036.628538235207088 5107355.095588570460677,628063.220764007885009 5107325.914541054517031,628086.96396366506815 5107301.373872543685138,628134.910192168550566 5107281.320665828883648,628147.104989403509535 5107260.852497394196689,628192.868180355755612 5107254.071460717357695,628245.36363362823613 5107257.383721684105694,628277.604925915598869 5107292.242186182178557,628280.395291321794502 5107318.828408448956907,628309.111302476725541 5107326.484316314570606,628361.02124454791192 5107347.842642018571496,628376.723002295941114 5107394.562732696533203,628381.136489485157654 5107380.540211187675595,628436.666858726879582 5107386.015441044233739,628465.039849932538345 5107404.035949494689703,628496.256090708542615 5107416.742842207662761,628530.916786997579038 5107434.21314799785614,628515.893825872219168 5107467.774089175276458,628489.572363247280009 5107479.820500819012523,628491.336220599478111 5107517.520456483587623,628481.007993340492249 5107546.675646178424358,628470.679766081739217 5107575.830835874192417,628434.935187951778062 5107571.176750617101789,628408.930952097289264 5107566.369449529796839,628406.190902310190722 5107589.587355718016624,628398.550619594287127 5107616.345244998112321,628389.442991093848832 5107639.822749206796288,628381.110166832339019 5107660.497542951256037,628404.607414068304934 5107693.048322577960789,628376.402778161806054 5107712.265456163324416,628371.667222881573252 5107756.344591276720166,628326.423551639774814 5107763.772523027844727,628284.418657928239554 5107737.682987194508314,628272.770636954926886 5107689.537693857215345,628270.53802160685882 5107690.541782609187067,628258.739024651818909 5107674.097245514392853,628248.366497289505787 5107660.172405133023858,628237.771715030889027 5107648.086207624524832,628237.209551180480048 5107640.684601925313473,628226.736107916105539 5107653.615444904193282,628185.296090268180706 5107684.001973696053028,628169.845730112749152 5107626.300801101140678,628172.527260808856227 5107619.262363976798952,628148.100295788957737 5107638.178182698786259,628124.877885090303607 5107598.480225261300802,628113.871233911835589 5107550.842044628225267,628120.664543332182802 5107530.51287813577801,628113.610401016310789 5107521.358484494499862,628123.096584665006958 5107475.631550296209753,628105.226326835923828 5107457.781432701274753,628071.941901472629979 5107445.782849444076419,628083.30317636183463 5107438.929259169846773,628052.581372152315453 5107407.666951551102102,628036.628538235207088 5107355.095588570460677))

OGRFeature(cougarCreek_polygonIgnit_WindowsPerimeters):6
  Fire_Type (String) = Expanding Fire
  Month (Real) = 10
  Day (Real) = 2
  Hour (Real) = 1200
  Elapsed_Mi (Real) = 720.0000
  POLYGON ((627973.796012168400921 5107359.230357332155108,628011.634123254800215 5107329.400889685377479,628049.098073030589148 5107320.557430193759501,628076.875546225928701 5107294.156288770958781,628126.346242971718311 5107275.287446890026331,628139.824788378435187 5107253.527543482370675,628191.552572350017726 5107246.712889149785042,628248.267537196981721 5107250.859029174782336,628285.720871299155988 5107290.205925545655191,628282.40846197376959 5107317.705269071273506,628312.471670878003351 5107320.231797927990556,628340.724215131020173 5107332.134784404188395,628368.976759384153411 5107344.037770880386233,628387.463387898402289 5107393.822951505891979,628380.170806690119207 5107373.76035912334919,628410.482504481449723 5107376.547111880034208,628440.79420227278024 5107379.333864635787904,628471.428944172686897 5107397.998869130387902,628501.891277170041576 5107410.755992178805172,628542.180866638198495 5107434.95268311817199,628525.289817335200496 5107481.920063447207212,628500.343125749728642 5107490.81792155560106,628502.302724478533491 5107523.684850526042283,628492.70274712331593 5107557.2454768512398,628476.86626668216195 5107595.269723705947399,628433.90986569353845 5107591.603011173196137,628416.312401177943684 5107587.651007040403783,628420.448927112389356 5107600.999375179409981,628410.751064203563146 5107628.222604926675558,628399.584366386057809 5107649.962271007709205,628391.576923815882765 5107661.770698849111795,628415.593174010631628 5107699.285044719465077,628385.588211484951898 5107721.538435058668256,628380.284530588192865 5107769.517418688163161,628325.845311857294291 5107781.287858292460442,628277.849808125640266 5107750.087676828727126,628264.557896530721337 5107697.850332883186638,628255.923727335757576 5107728.899170691147447,628252.008591877878644 5107685.526092938147485,628242.520869753090665 5107671.887949230149388,628236.319280705880374 5107663.377338564023376,628238.177916057524271 5107667.927601982839406,628213.326192955253646 5107687.272558546625078,628185.583388224011287 5107706.11754889972508,628167.354452993138693 5107668.482605991885066,628171.874453883618116 5107645.790196713060141,628147.559814987820573 5107699.40662535559386,628121.579643494565971 5107650.215873070992529,628115.111455270904116 5107605.914478710852563,628102.877033010707237 5107555.817225778475404,628108.76485706679523 5107535.051108646206558,628101.780896736774594 5107524.290672044269741,628123.096584665006958 5107475.631550296209753,628105.226326835923828 5107457.781432701274753,628065.111222544568591 5107459.112384521402419,628072.740363558987156 5107448.409483047202229,628040.922821928863414 5107416.949150455184281,628021.840598685317673 5107388.270662675611675,627973.796012168400921 5107359.230357332155108))

OGRFeature(cougarCreek_polygonIgnit_WindowsPerimeters):7
  Fire_Type (String) = Expanding Fire
  Month (Real) = 10
  Day (Real) = 2
  Hour (Real) = 1400
  Elapsed_Mi (Real) = 840.0000
  POLYGON ((627908.914346729405224 5107383.587805493734777,627932.641708938870579 5107356.933760107494891,627956.369071148219518 5107330.279714720323682,628000.906632991274819 5107319.346478251740336,628038.236220705672167 5107312.430611805990338,628066.811111704446375 5107286.605979336425662,628116.117186420597136 5107267.731391974724829,628132.71425050846301 5107245.876279949210584,628189.489034601021558 5107238.915238013491035,628220.331370132393204 5107236.45699111558497,628251.462660710443743 5107244.20293390378356,628272.912161073414609 5107266.370178772136569,628294.36166143626906 5107288.537423640489578,628284.495154989417642 5107316.610253873281181,628314.904618462780491 5107313.176434684544802,628345.072739109047689 5107325.676849344745278,628378.631501748110168 5107340.282538512721658,628388.832273876992986 5107369.053976258262992,628412.514820807264186 5107368.943530902266502,628445.312039022101089 5107372.056816390715539,628493.525036271195859 5107375.437377411872149,628509.199945328524336 5107404.956799931824207,628553.396062312182039 5107435.884268095716834,628544.416318224626593 5107465.706485472619534,628535.436574137071148 5107495.528702849522233,628511.197191042243503 5107502.846484411507845,628514.075330656254664 5107530.132518916390836,628504.712409973959439 5107568.160577682778239,628486.238348947721533 5107623.678216287866235,628433.858990835258737 5107615.602270542643964,628423.195575859514065 5107641.60011197347194,628410.068124013370834 5107664.783215057104826,628403.157329694600776 5107662.762390810996294,628427.6173463948071 5107706.132765398360789,628396.014529918553308 5107732.025774394161999,628390.230026257690042 5107782.251697885803878,628357.347306766780093 5107792.727890723384917,628325.612174666719511 5107800.645860536023974,628296.408235461916775 5107797.409293412230909,628271.762512500630692 5107767.017228305339813,628259.253192677395418 5107764.263810137286782,628237.200495944474824 5107759.353586122393608,628230.716116850380786 5107727.364102995023131,628240.003917226567864 5107698.204508723691106,628230.700350816478021 5107719.312426152639091,628183.73443826357834 5107731.244252165779471,628164.407918013515882 5107693.331197939813137,628154.784020776860416 5107725.200328072533011,628119.770737296552397 5107705.088796625845134,628110.227267606882378 5107662.247790382243693,628102.790116425603628 5107616.982805820181966,628085.941425193333998 5107563.318539685569704,628096.084254720946774 5107540.133201983757317,628084.267542639514431 5107525.807650795206428,628103.682063652202487 5107500.719600545242429,628123.096584665006958 5107475.631550296209753,628105.226326835923828 5107457.781432701274753,628057.400349197094329 5107486.466818089596927,628061.403481666231528 5107457.500679105520248,628029.647552671842277 5107427.27799076307565,628007.00065631349571 5107398.022798161022365,627980.797251200419851 5107387.328421874903142,627944.855798964970745 5107385.45811368431896,627908.914346729405224 5107383.587805493734777))

OGRFeature(cougarCreek_polygonIgnit_WindowsPerimeters):8
  Fire_Type (String) = Expanding Fire
  Month (Real) = 10
  Day (Real) = 2
  Hour (Real) = 1600
  Elapsed_Mi (Real) = 960.0000
  POLYGON ((627863.125049177091569 5107387.004530713893473,627893.854929913301021 5107369.822799350135028,627924.584810649626888 5107352.641067986376584,627947.912283772951923 5107323.878582661040127,627993.639159975224175 5107310.034887213259935,628020.102986230398528 5107299.53688639216125,628048.275268005090766 5107273.560818275436759,628106.257751713157631 5107259.949068034999073,628123.880100858397782 5107236.624547951854765,628155.455436727148481 5107233.495930825360119,628185.803173585329205 5107231.455905782058835,628220.219703871291131 5107206.677486561238766,628255.291554488241673 5107238.208482082933187,628278.924316258635372 5107262.018631755374372,628303.560286996187642 5107289.614302622154355,628286.64241241721902 5107315.586265615187585,628316.399868975044228 5107306.004528053104877,628349.392980563687161 5107319.248884253203869,628387.752456060610712 5107336.002173454500735,628400.782914900453761 5107358.876917525194585,628417.277612710488029 5107343.092993970960379,628449.218288228381425 5107358.460419751703739,628477.658346608397551 5107347.956482614390552,628513.35192698193714 5107358.571485071443021,628525.894535289146006 5107400.250645776279271,628563.267164261778817 5107434.556235044263303,628555.668761929147877 5107474.337737868539989,628544.114915260695852 5107509.376709127798676,628521.39428823068738 5107515.313436545431614,628525.365656776702963 5107536.254273431375623,628516.549046532483771 5107577.810307103209198,628506.411748558632098 5107607.990014525130391,628490.687064450583421 5107644.396676426753402,628437.162362910341471 5107640.17559860739857,628434.604207566473633 5107654.326812527142465,628420.741055781254545 5107672.274968470446765,628448.469860027660616 5107696.978820434771478,628465.39179450517986 5107730.39425424579531,628433.375919959158637 5107738.95345968939364,628405.681794942822307 5107743.424122272059321,628406.831704795593396 5107773.529365733265877,628407.9816146484809 5107803.634609194472432,628362.220975269912742 5107811.39686581864953,628327.645213927375153 5107819.852519812062383,628292.658752326620743 5107816.113825479522347,628265.958598471712321 5107786.646682855673134,628265.777285379590467 5107787.538015797734261,628216.244120182003826 5107805.890272726304829,628221.584900642395951 5107752.987211409024894,628179.581786093418486 5107754.520179025828838,628164.043375325156376 5107719.377832462079823,628160.486896058078855 5107750.230932824313641,628111.953622968052514 5107723.628264625556767,628098.717791249742731 5107672.83293897844851,628083.838785916799679 5107639.319547441788018,628069.575553383678198 5107609.714710443280637,628056.79514873039443 5107574.116708845831454,628067.985551045741886 5107551.908631639555097,628054.3256156333955 5107530.895815662108362,628094.68955877434928 5107496.775604941882193,628123.096584665006958 5107475.631550296209753,628105.226326835923828 5107457.781432701274753,628086.984638691530563 5107497.599374523386359,628042.275235367706046 5107525.807233721017838,628048.246014583739452 5107467.468687817454338,628018.961822966462933 5107437.011227464303374,627996.872709830757231 5107408.633720641955733,627974.536027480731718 5107399.666442354209721,627925.756308111012913 5107418.043360067531466,627894.440678644110449 5107402.523945391178131,627863.125049177091569 5107387.004530713893473))

OGRFeature(cougarCreek_polygonIgnit_WindowsPerimeters):9
  Fire_Type (String) = Expanding Fire
  Month (Real) = 10
  Day (Real) = 2
  Hour (Real) = 1800
  Elapsed_Mi (Real) = 1080.0000
  POLYGON ((627839.5941530787386 5107390.023433811031282,627879.496926723048091 5107354.756232160143554,627918.297717393841594 5107347.893408700823784,627940.727901952341199 5107318.622079900465906,627984.140914178919047 5107303.229643353261054,627993.228525037877262 5107283.099045677110553,628043.566652386449277 5107267.023118496872485,628096.30578347586561 5107253.547774771228433,628094.89323992584832 5107209.931231878697872,628152.306457177735865 5107223.918845939449966,628177.597527849138714 5107223.705287114717066,628214.38240874838084 5107176.568776532076299,628244.60257653275039 5107206.000404954887927,628260.072799717308953 5107233.700383964926004,628284.754862254485488 5107258.215019323863089,628311.869728454155847 5107291.289415506646037,628288.871638542739674 5107314.742623972706497,628316.225131872808561 5107299.631372737698257,628353.277446583262645 5107313.345756692811847,628392.725254536955617 5107330.654627081938088,628406.959383688052185 5107333.968813599087298,628418.502743077697232 5107330.051213216967881,628455.508804433862679 5107332.48549163620919,628483.973039783537388 5107328.090287833474576,628541.505998686421663 5107344.915211753919721,628564.640928300097585 5107393.330275016836822,628573.313437288161367 5107436.003270217217505,628565.745450727175921 5107480.825540876947343,628567.931446194415912 5107513.244632849469781,628570.117441661772318 5107545.663724821992218,628527.463078803033568 5107528.340057574212551,628535.631409005494788 5107541.636012864299119,628525.622820928809233 5107584.387899178080261,628517.033683201647364 5107619.441202137619257,628494.674427172518335 5107662.075805817730725,628438.829405816621147 5107658.166542473249137,628444.718828925280832 5107666.129602815024555,628430.793598617892712 5107673.052467450499535,628456.999330574646592 5107694.69503606762737,628478.009022020618431 5107742.457299067638814,628436.427989911986515 5107756.632410152815282,628413.864858372951858 5107755.00568150728941,628419.244565962813795 5107778.189669113606215,628425.645898208254948 5107836.559586045332253,628395.192586487857625 5107832.178251912817359,628364.739274767460302 5107827.796917781233788,628329.268462104606442 5107834.896905261091888,628288.288657825672999 5107839.080975138582289,628266.37405161652714 5107805.624283968470991,628238.415830502286553 5107820.163332159630954,628210.457609387929551 5107834.70238035172224,628206.343584522721358 5107780.014649192802608,628174.971561412909068 5107772.458870811387897,628164.014213085407391 5107741.924505830742419,628165.913843956775963 5107770.587480486370623,628133.918144455179572 5107756.238123426213861,628105.001644298667088 5107737.708117496222258,628089.329738753964193 5107683.669167892076075,628077.086342965834774 5107653.715723237022758,628044.826532110222615 5107637.378265295177698,628037.303618992096744 5107580.2326186792925,628049.408458800869994 5107558.783175620250404,628042.319846723577939 5107533.662095820531249,628033.177714094752446 5107538.573611964471638,628012.501408350537531 5107510.723151228390634,628035.797755011124536 5107475.635915519669652,628009.047540074097924 5107445.812028179876506,627987.159063720377162 5107418.18709253333509,627972.096743501489982 5107410.428901115432382,627919.003118039108813 5107436.261393112130463,627863.67569514119532 5107433.258287683129311,627839.5941530787386 5107390.023433811031282))

OGRFeature(cougarCreek_polygonIgnit_WindowsPerimeters):10
  Fire_Type (String) = Enclave Fire
  Month (Real) = 10
  Day (Real) = 2
  Hour (Real) = 1800
  Elapsed_Mi (Real) = 1080.0000
  POLYGON ((628095.242276592878625 5107490.963442277163267,628123.096584665006958 5107475.631550296209753,628105.226326835923828 5107457.781432701274753,628095.242276592878625 5107490.963442277163267))

OGRFeature(cougarCreek_polygonIgnit_WindowsPerimeters):11
  Fire_Type (String) = Expanding Fire
  Month (Real) = 10
  Day (Real) = 2
  Hour (Real) = 2000
  Elapsed_Mi (Real) = 1200.0000
  POLYGON ((627827.887765509076416 5107391.28724942356348,627837.413041439373046 5107362.599097774364054,627859.902241048286669 5107331.348146610893309,627914.266317823552527 5107342.627506519667804,627934.679359866888262 5107314.234140668995678,627974.249640814261511 5107298.122660458087921,627984.217236209078692 5107277.423361326567829,628039.701025033602491 5107260.931003564968705,628074.937733238679357 5107247.422785667702556,628069.267339782323688 5107194.530501110479236,628120.924085167818703 5107207.052996477112174,628150.659792544087395 5107215.080406525172293,628167.841029618633911 5107216.415564098395407,628184.21859586390201 5107192.601030464284122,628203.591358931153081 5107146.908876351080835,628237.813771555898711 5107167.376324826851487,628267.466457044472918 5107192.173305083997548,628265.625792647828348 5107230.948534038849175,628290.296358206891455 5107254.818940192461014,628319.567465657601133 5107293.395246210508049,628318.022517208941281 5107294.599940394051373,628356.69057055155281 5107307.960121486335993,628396.169706165557727 5107325.201476324349642,628407.097066870192066 5107327.871454541571438,628418.644474512431771 5107323.953412910923362,628456.714978781645186 5107325.856765436008573,628485.697182955220342 5107321.407291659153998,628527.084530479740351 5107312.572009984403849,628554.738562013953924 5107337.432733533903956,628572.489936097408645 5107366.022533879615366,628588.784357288735919 5107395.00367777235806,628582.118890607263893 5107440.215796719305217,628575.057175606605597 5107484.663298675790429,628585.446248874650337 5107519.237165365368128,628575.962500382098369 5107568.181790425442159,628542.952146676019765 5107550.459118349477649,628533.92241908411961 5107590.247032329440117,628525.250250171986409 5107627.775766548700631,628498.307185975136235 5107678.296005291864276,628445.941509250667877 5107674.631702344864607,628452.939140317728743 5107676.880647346377373,628442.108263492817059 5107674.722136800177395,628464.694061247748323 5107692.906447656452656,628477.146206636214629 5107722.094434957019985,628488.439905562321655 5107753.819749621674418,628439.229433583212085 5107772.809804040938616,628421.903299306635745 5107767.077364849857986,628429.909500852343626 5107780.259710367769003,628445.499076878419146 5107817.820147953927517,628440.423066963790916 5107855.323201747611165,628394.37070968921762 5107855.148624223656952,628365.398648396600038 5107841.865612369030714,628331.36938921478577 5107848.439017376862466,628285.244375872774981 5107855.047848829068244,628267.058828948182054 5107825.843565486371517,628250.386401967494749 5107863.578589730896056,628201.469317786162719 5107867.440961758606136,628195.791470822994597 5107821.179717564955354,628198.713787368731573 5107794.081260682083666,628169.800612242193893 5107786.915033768862486,628169.641715116798878 5107786.331680902279913,628131.888707509380765 5107773.359000791795552,628098.427000754047185 5107748.803643612191081,628081.281041787238792 5107692.938785657286644,628072.683612912427634 5107668.575407066382468,628038.253149282420054 5107647.23799388576299,628007.296865683514625 5107596.886233877390623,628036.128698654007167 5107560.456453203223646,628032.067409719224088 5107544.576879614964128,628024.834978438797407 5107552.417419846169651,627994.896061795414425 5107543.075857600197196,627964.957145152031444 5107533.734295354224741,628000.520939982146956 5107499.610258667729795,628023.219732821802609 5107479.931269,627999.781589207123034 5107455.549833017401397,627977.622887330828235 5107426.649711358360946,627970.794860240886919 5107420.251364467665553,627917.571951264515519 5107447.235315911471844,627887.046318308333866 5107446.10578902810812,627856.520685352268629 5107444.976262144744396,627842.204225430614315 5107418.131755784153938,627827.887765509076416 5107391.28724942356348))

OGRFeature(cougarCreek_polygonIgnit_WindowsPerimeters):12
  Fire_Type (String) = Enclave Fire
  Month (Real) = 10
  Day (Real) = 2
  Hour (Real) = 2000
  Elapsed_Mi (Real) = 1200.0000
  POLYGON ((628100.166285965242423 5107487.329513354226947,628123.096584665006958 5107475.631550296209753,628105.226326835923828 5107457.781432701274753,628100.166285965242423 5107487.329513354226947))

OGRFeature(cougarCreek_polygonIgnit_WindowsPerimeters):13
  Fire_Type (String) = Enclave Fire
  Month (Real) = 10
  Day (Real) = 2
  Hour (Real) = 2000
  Elapsed_Mi (Real) = 1200.0000
  POLYGON ((628439.334716296871193 5107674.169390151277184,628442.098456353647634 5107674.720182312652469,628441.864320922992192 5107674.525733398273587,628441.620378353167325 5107674.329329995438457,628439.334716296871193 5107674.169390151277184))

OGRFeature(cougarCreek_polygonIgnit_WindowsPerimeters):14
  Fire_Type (String) = Expanding Fire
  Month (Real) = 10
  Day (Real) = 2
  Hour (Real) = 2200
  Elapsed_Mi (Real) = 1320.0000
  POLYGON ((627787.009384805802256 5107444.445153565146029,627796.113048909930512 5107396.06800068449229,627805.812919102958404 5107362.062073269858956,627821.791406215867028 5107334.742526126094162,627846.284968503401615 5107306.304510685615242,627889.213980036554858 5107317.941743660718203,627911.396993077127263 5107337.182727180421352,627928.852522203349508 5107310.405786870978773,627966.681796852732077 5107294.097936705686152,627977.506322992267087 5107272.685350166633725,628004.238522481638938 5107259.411664995364845,628035.874010625528172 5107255.426868439652026,628061.700337024056353 5107246.300857032649219,628058.245095987454988 5107188.751285909675062,628093.584331342484802 5107185.020983230322599,628120.496794268605299 5107199.535677406005561,628148.558186431182548 5107204.657446496188641,628157.69888683327008 5107208.516511701047421,628170.612697463249788 5107188.860339580103755,628181.890506825176999 5107159.721435954794288,628188.040059605962597 5107123.388579063117504,628217.608930031652562 5107135.093634336255491,628247.177800457458943 5107146.7986896103248,628283.021076621836983 5107187.777866335585713,628271.649661353905685 5107230.453555271960795,628295.482133792596869 5107251.720491068437696,628325.318710148450918 5107291.17050714045763,628320.326040993328206 5107289.624284454621375,628358.149239629972726 5107305.448216882534325,628399.523506895406172 5107320.091371948830783,628406.948025502962992 5107322.230306013487279,628418.698540866491385 5107318.300334111787379,628457.76290812168736 5107319.711578022688627,628485.376126416726038 5107315.306028163060546,628532.87991449655965 5107301.514664351940155,628570.88328448520042 5107333.877296952530742,628581.547625554027036 5107365.095019979402423,628596.538557942491025 5107396.606444120407104,628589.963638992980123 5107444.465781768783927,628583.288310008356348 5107487.500716938637197,628593.989881133427843 5107521.888498273678124,628604.421463873237371 5107560.853710319846869,628587.459538655355573 5107610.910695399157703,628565.954862053971738 5107586.487796471454203,628544.450185452704318 5107562.064897543750703,628541.597436249023303 5107595.36304126214236,628532.865414837491699 5107635.226557100191712,628518.407153173582628 5107663.709367513656616,628501.374346169293858 5107693.520286152139306,628457.185370754566975 5107689.424736144952476,628471.724195273010992 5107691.222062322311103,628486.463558526709676 5107722.98957103304565,628497.940176604082808 5107753.940361985936761,628515.879250627709553 5107798.27302972972393,628474.158306352328509 5107787.931276394054294,628444.126324373995885 5107787.862091690301895,628469.473580901976675 5107825.700695594772696,628444.905359083670191 5107866.160764303058386,628393.777784276288003 5107867.474624488502741,628365.364595456747338 5107854.492518180049956,628333.401802076492459 5107860.701603563502431,628283.424424069584347 5107867.0661705667153,628268.20068338769488 5107833.953728212043643,628252.293160066474229 5107870.860190630890429,628200.95869838190265 5107869.227663506753743,628191.818085993523709 5107824.535233490169048,628193.812175442581065 5107807.465061803348362,628173.22738952038344 5107823.730708757415414,628162.865303456317633 5107821.158583131618798,628129.355270937783644 5107788.389923972077668,628091.36121656477917 5107762.237969753332436,628080.881266782642342 5107733.832407093606889,628070.40131700062193 5107705.426844433881342,628068.342344251112081 5107682.286344036459923,628031.252346098306589 5107661.706184267066419,627980.084306234726682 5107661.251013754867017,627974.907717604539357 5107603.213301374576986,628020.676564929774031 5107566.391923194751143,627991.327940282295458 5107583.606723165139556,627961.979315634816885 5107600.821523135527968,627955.893062755931169 5107569.222539870999753,627949.806809877161868 5107537.623556606471539,627991.535039289505221 5107495.954098196700215,628011.366587854688987 5107484.801714812405407,627989.920633179019205 5107468.909242130815983,627968.254398441757075 5107435.327848898246884,627970.326406957465224 5107429.026069018989801,627917.868385937879793 5107456.760302172042429,627880.090641557704657 5107501.009520738385618,627844.312441258691251 5107461.27279550395906,627787.009384805802256 5107444.445153565146029))

OGRFeature(cougarCreek_polygonIgnit_WindowsPerimeters):15
  Fire_Type (String) = Enclave Fire
  Month (Real) = 10
  Day (Real) = 2
  Hour (Real) = 2200
  Elapsed_Mi (Real) = 1320.0000
  POLYGON ((628101.34005032829009 5107486.463272869586945,628123.096584665006958 5107475.631550296209753,628105.226326835923828 5107457.781432701274753,628101.34005032829009 5107486.463272869586945))

OGRFeature(cougarCreek_polygonIgnit_WindowsPerimeters):16
  Fire_Type (String) = Expanding Fire
  Month (Real) = 10
  Day (Real) = 3
  Hour (Real) = 0
  Elapsed_Mi (Real) = 1440.0000
  POLYGON ((627743.624211308429949 5107433.69574929215014,627750.425047286204062 5107395.522279308177531,627786.795877605327405 5107362.654381725005805,627778.439480731496587 5107331.60637737903744,627807.023916812380776 5107305.909822929650545,627836.881719814497046 5107283.287478580139577,627870.878237181226723 5107290.6706374110654,627903.091339788981713 5107299.473054965026677,627910.295787151320837 5107319.897398348897696,627923.760606981930323 5107306.936500776559114,627959.839029278955422 5107290.601324391551316,627971.255449327290989 5107269.684091610834002,628000.617294597555883 5107254.4594497224316,628029.173762588296086 5107241.35265801846981,628054.527718305820599 5107246.34624881669879,628051.634345940197818 5107187.516052883118391,628094.34190684708301 5107180.345345013774931,628120.630326323211193 5107193.004166696220636,628147.153107886086218 5107195.458760832436383,628148.104910709895194 5107201.265588358044624,628164.440885804477148 5107186.889385931193829,628181.890506825176999 5107159.721435954794288,628175.136150896316394 5107114.434140625409782,628222.498589923954569 5107119.516868845559657,628250.145192996133119 5107140.742386593483388,628290.87937943986617 5107183.871745768934488,628282.050781878759153 5107231.031747858040035,628300.149093329790048 5107248.826310331001878,628330.663993341499008 5107289.30457473360002,628322.78827606071718 5107285.224889907985926,628358.88945070351474 5107304.053499912843108,628402.156973845208995 5107315.285486946813762,628406.540393489296548 5107317.112171557731926,628418.68501962791197 5107313.150463443249464,628458.666728935902938 5107314.112287156283855,628485.0399264479056 5107309.755689293146133,628535.613062881515361 5107296.232158752158284,628581.040445626829751 5107331.368305581621826,628590.254264810704626 5107365.188471303321421,628608.605927012162283 5107399.241777310147882,628596.911738347494975 5107448.378753408789635,628591.326656138873659 5107490.56119660101831,628601.063632167526521 5107522.030477743595839,628635.965816202107817 5107570.506309621036053,628609.421434013172984 5107598.300034740939736,628593.49563005019445 5107634.28238679934293,628549.669520974042825 5107613.593812243081629,628539.868547458318062 5107642.121743909083307,628524.970861486508511 5107672.441265726462007,628504.860441718134098 5107707.424153119325638,628480.190410420298576 5107700.869779446162283,628494.354347708867863 5107723.407194670289755,628505.671846054727212 5107754.074162794277072,628538.919152505579405 5107785.891047115437686,628528.475421428564005 5107836.568575398996472,628496.561594832572155 5107815.871216467581689,628472.445921759703197 5107798.8109125578776,628459.048764300532639 5107794.734637018293142,628484.968965051928535 5107833.916970630176365,628448.468268402502872 5107876.058990019373596,628393.428850397234783 5107878.472553437575698,628365.183336407295428 5107865.511760927736759,628335.144312593154609 5107871.62565940618515,628281.04413697286509 5107877.455607397481799,628268.20068338769488 5107833.953728212043643,628252.293160066474229 5107870.860190630890429,628200.95869838190265 5107869.227663506753743,628191.818085993523709 5107824.535233490169048,628195.470309833413921 5107818.425058427266777,628176.817705853143707 5107835.878324749879539,628159.069819816853851 5107832.164635902270675,628125.939419144415297 5107801.215464710257947,628087.393239193363115 5107774.107313971966505,628068.95097504556179 5107751.204866950400174,628056.249294775421731 5107717.931693349964917,628064.648291849065572 5107694.677366,628024.904427593806759 5107686.453193629160523,627988.785614808439277 5107700.350278216414154,627942.213376984815113 5107694.34756897110492,627929.041778580867685 5107651.759739566594362,627923.052709315321408 5107636.142289685085416,627918.695339994272217 5107639.127201677300036,627902.220277471584268 5107590.973598129115999,627920.940724595682696 5107538.134965093806386,627942.533189358538948 5107506.053000189363956,627984.948281739256345 5107491.739781595766544,627992.521768935024738 5107494.430423540063202,627980.499812361551449 5107481.572110929526389,627962.796964871813543 5107444.999297813512385,627933.323226274340414 5107495.536890656687319,627916.454437607550062 5107521.487095171585679,627877.794261354370974 5107542.54596617538482,627849.013352057896554 5107505.655035279691219,627838.608012761105783 5107474.38222876098007,627804.753408031421714 5107477.625558444298804,627746.314800926949829 5107483.139523964375257,627743.624211308429949 5107433.69574929215014))

OGRFeature(cougarCreek_polygonIgnit_WindowsPerimeters):17
  Fire_Type (String) = Enclave Fire
  Month (Real) = 10
  Day (Real) = 3
  Hour (Real) = 0
  Elapsed_Mi (Real) = 1440.0000
  POLYGON ((628101.34005032829009 5107486.463272869586945,628123.096584665006958 5107475.631550296209753,628105.226326835923828 5107457.781432701274753,628101.34005032829009 5107486.463272869586945))

